6 0.193359375 0.1533203125 0.1494140625 0.1435546875
6 0.0888671875 0.2705078125 0.1181640625 0.19140625
6 0.173828125 0.390625 0.14453125 0.1728515625
6 0.0498046875 0.58203125 0.099609375 0.2197265625
6 0.158203125 0.5830078125 0.123046875 0.177734375
6 0.302734375 0.5966796875 0.1455078125 0.2109375
6 0.1513671875 0.787109375 0.1455078125 0.1904296875
6 0.2685546875 0.2666015625 0.13671875 0.2041015625
6 0.4189453125 0.0869140625 0.1484375 0.1650390625
6 0.408203125 0.2626953125 0.1171875 0.1611328125
6 0.4072265625 0.45703125 0.166015625 0.197265625
6 0.5576171875 0.25390625 0.1533203125 0.2197265625
6 0.5087890625 0.599609375 0.162109375 0.259765625
6 0.400390625 0.7373046875 0.1806640625 0.228515625
6 0.244140625 0.9169921875 0.1474609375 0.166015625
6 0.0576171875 0.9013671875 0.115234375 0.197265625
6 0.396484375 0.92578125 0.146484375 0.1484375
6 0.560546875 0.9228515625 0.171875 0.1494140625
6 0.6650390625 0.1220703125 0.171875 0.1787109375
6 0.771484375 0.2392578125 0.1708984375 0.240234375
6 0.9169921875 0.064453125 0.166015625 0.126953125
6 0.935546875 0.2353515625 0.12890625 0.177734375
6 0.927734375 0.4580078125 0.14453125 0.2333984375
6 0.671875 0.3857421875 0.1845703125 0.20703125
6 0.673828125 0.6025390625 0.1591796875 0.203125
6 0.849609375 0.59765625 0.1767578125 0.2548828125
6 0.677734375 0.8310546875 0.1865234375 0.2373046875
6 0.9404296875 0.7685546875 0.119140625 0.2431640625
6 0.810546875 0.939453125 0.177734375 0.1201171875
6 0.9560546875 0.9462890625 0.087890625 0.1064453125
6 0.0732421875 0.0419921875 0.107421875 0.083984375
6 0.0234375 0.1123046875 0.044921875 0.15234375
6 0.189453125 0.0302734375 0.10546875 0.060546875
6 0.302734375 0.0302734375 0.1015625 0.060546875