6.0 0.193359 0.153320 0.149414 0.143555
6.0 0.088867 0.270508 0.118164 0.191406
6.0 0.173828 0.390625 0.144531 0.172852
6.0 0.049805 0.582031 0.099609 0.219727
6.0 0.158203 0.583008 0.123047 0.177734
6.0 0.302734 0.596680 0.145508 0.210938
6.0 0.151367 0.787109 0.145508 0.190430
6.0 0.268555 0.266602 0.136719 0.204102
6.0 0.418945 0.086914 0.148438 0.165039
6.0 0.408203 0.262695 0.117188 0.161133
6.0 0.407227 0.457031 0.166016 0.197266
6.0 0.557617 0.253906 0.153320 0.219727
6.0 0.508789 0.599609 0.162109 0.259766
6.0 0.400391 0.737305 0.180664 0.228516
6.0 0.244141 0.916992 0.147461 0.166016
6.0 0.057617 0.901367 0.115234 0.197266
6.0 0.396484 0.925781 0.146484 0.148438
6.0 0.560547 0.922852 0.171875 0.149414
6.0 0.665039 0.122070 0.171875 0.178711
6.0 0.771484 0.239258 0.170898 0.240234
6.0 0.916992 0.064453 0.166016 0.126953
6.0 0.935547 0.235352 0.128906 0.177734
6.0 0.927734 0.458008 0.144531 0.233398
6.0 0.671875 0.385742 0.184570 0.207031
6.0 0.673828 0.602539 0.159180 0.203125
6.0 0.849609 0.597656 0.176758 0.254883
6.0 0.677734 0.831055 0.186523 0.237305
6.0 0.940430 0.768555 0.119141 0.243164
6.0 0.810547 0.939453 0.177734 0.120117
6.0 0.956055 0.946289 0.087891 0.106445
6.0 0.073242 0.041992 0.107422 0.083984
6.0 0.023438 0.112305 0.044922 0.152344
6.0 0.189453 0.030273 0.105469 0.060547
6.0 0.302734 0.030273 0.101562 0.060547
