6.0 0.303450 0.073228 0.173227 0.118200
6.0 0.475546 0.088306 0.148190 0.129476
6.0 0.630327 0.102790 0.130745 0.119776
6.0 0.791256 0.119523 0.135765 0.123994
6.0 0.937400 0.129820 0.125200 0.127039
6.0 0.291007 0.214479 0.157866 0.126774
6.0 0.456724 0.229337 0.149217 0.130523
6.0 0.611404 0.236683 0.148190 0.129476
6.0 0.769151 0.249230 0.144877 0.124306
6.0 0.921763 0.266697 0.147379 0.122369
6.0 0.266371 0.358368 0.164476 0.129024
6.0 0.436991 0.370338 0.140191 0.115044
6.0 0.601116 0.383103 0.145340 0.128367
6.0 0.753410 0.387309 0.144530 0.121260
6.0 0.903188 0.397544 0.137905 0.110920
6.0 0.252901 0.500603 0.169134 0.122104
6.0 0.423072 0.508480 0.151473 0.118465
6.0 0.578317 0.518902 0.143835 0.115169
6.0 0.735963 0.524311 0.138368 0.114981
6.0 0.886998 0.531531 0.145325 0.120276
6.0 0.238982 0.638745 0.158430 0.123760
6.0 0.396281 0.647199 0.143156 0.117168
6.0 0.563155 0.651905 0.144646 0.122276
6.0 0.716360 0.656142 0.147148 0.120339
6.0 0.870809 0.665518 0.143619 0.121229
6.0 0.206723 0.777277 0.156492 0.122682
6.0 0.382247 0.786357 0.153975 0.116528
6.0 0.541715 0.791828 0.150808 0.128555
6.0 0.699028 0.792129 0.139944 0.104922
6.0 0.849731 0.794241 0.138831 0.119042
6.0 0.196999 0.926775 0.162871 0.122901
6.0 0.357278 0.925139 0.153527 0.120558
6.0 0.519263 0.924581 0.135201 0.127008
6.0 0.674189 0.921742 0.144400 0.112154
6.0 0.830808 0.928135 0.145643 0.107140
