6.0 0.179870 0.050204 0.202781 0.094124
6.0 0.625753 0.224878 0.197214 0.174766
6.0 0.225726 0.238250 0.206688 0.187594
6.0 0.413942 0.236917 0.203989 0.170595
6.0 0.529159 0.474405 0.784950 0.492681
6.0 0.580337 0.709901 0.747702 0.339715
6.0 0.354184 0.876977 0.182514 0.154992
6.0 0.551629 0.869549 0.195400 0.169600
6.0 0.758509 0.860981 0.180229 0.177463
6.0 0.919152 0.854784 0.131061 0.186854
6.0 0.584543 0.977750 0.191685 0.044500
6.0 0.792675 0.973142 0.177681 0.053717
6.0 0.940444 0.968516 0.102096 0.062967
