9 0.244140625 0.3505859375 0.189453125 0.142578125
9 0.453125 0.345703125 0.2177734375 0.1484375
9 0.677734375 0.3310546875 0.197265625 0.150390625
9 0.265625 0.51171875 0.212890625 0.1513671875
9 0.4833984375 0.5048828125 0.2060546875 0.1181640625
9 0.7099609375 0.4794921875 0.2255859375 0.1455078125
9 0.2890625 0.689453125 0.2333984375 0.1591796875
9 0.5400390625 0.666015625 0.2099609375 0.1748046875
9 0.7568359375 0.64453125 0.205078125 0.1669921875
9 0.3232421875 0.87890625 0.2392578125 0.18359375
9 0.5634765625 0.857421875 0.220703125 0.189453125
9 0.8046875 0.822265625 0.2177734375 0.166015625