6.0 0.136522 0.023042 0.273044 0.046083
9.0 0.389844 0.024375 0.251355 0.048750
6.0 0.174241 0.239271 0.314290 0.338817
9.0 0.416634 0.109407 0.252267 0.217355
14.0 0.651707 0.186210 0.167474 0.350378
15.0 0.416517 0.484232 0.233501 0.161645
0.0 0.441200 0.594716 0.230432 0.147646
15.0 0.454382 0.714197 0.220738 0.153402
15.0 0.191440 0.609047 0.315985 0.395047
13.0 0.873760 0.815162 0.177803 0.241949
6.0 0.347711 0.873337 0.547296 0.253325
13.0 0.894558 0.955689 0.149507 0.088623
6.0 0.376874 0.966287 0.545800 0.067426
