6.0 0.372070 0.333008 0.104492 0.060547
6.0 0.228516 0.335938 0.113281 0.054688
6.0 0.086914 0.336914 0.119141 0.056641
6.0 0.380859 0.387695 0.115234 0.054688
6.0 0.222656 0.392578 0.125977 0.048828
6.0 0.078125 0.390625 0.137695 0.055664
6.0 0.385742 0.444336 0.113281 0.053711
6.0 0.230469 0.451172 0.147461 0.061523
6.0 0.067383 0.447266 0.129883 0.049805
6.0 0.391602 0.510742 0.129883 0.072266
6.0 0.222656 0.518555 0.125977 0.061523
6.0 0.064453 0.513672 0.127930 0.062500
6.0 0.401367 0.585938 0.119141 0.071289
6.0 0.216797 0.591797 0.156250 0.071289
6.0 0.054688 0.593750 0.109375 0.076172
6.0 0.408203 0.667969 0.144531 0.079102
6.0 0.217773 0.680664 0.153320 0.094727
6.0 0.057617 0.687500 0.115234 0.097656
