6.0 0.184570 0.615234 0.125977 0.077148
6.0 0.315430 0.607422 0.136719 0.061523
6.0 0.457031 0.604492 0.124023 0.077148
6.0 0.590820 0.599609 0.123047 0.068359
6.0 0.720703 0.594727 0.123047 0.072266
6.0 0.848633 0.593750 0.137695 0.066406
6.0 0.175781 0.696289 0.125977 0.073242
6.0 0.320312 0.694336 0.101562 0.080078
6.0 0.461914 0.689453 0.133789 0.074219
6.0 0.599609 0.685547 0.129883 0.067383
6.0 0.731445 0.679688 0.144531 0.071289
6.0 0.867188 0.673828 0.137695 0.074219
6.0 0.180664 0.791016 0.134766 0.075195
6.0 0.327148 0.785156 0.124023 0.080078
6.0 0.466797 0.780273 0.124023 0.073242
6.0 0.615234 0.772461 0.134766 0.080078
6.0 0.757812 0.769531 0.133789 0.073242
6.0 0.897461 0.762695 0.125977 0.080078
