6.0 0.028136 0.442929 0.056271 0.162867
6.0 0.040971 0.600101 0.081942 0.180141
6.0 0.053613 0.766460 0.107227 0.180141
6.0 0.065095 0.917130 0.130189 0.165740
6.0 0.079490 0.264323 0.140018 0.173847
6.0 0.243302 0.239425 0.226775 0.193666
6.0 0.106417 0.424353 0.144153 0.162867
6.0 0.275322 0.398682 0.222477 0.187209
6.0 0.120355 0.584621 0.126879 0.180141
6.0 0.296254 0.553545 0.215891 0.182062
6.0 0.145640 0.750980 0.126879 0.180141
6.0 0.322517 0.720623 0.239935 0.176596
6.0 0.173362 0.904811 0.134334 0.174641
6.0 0.354537 0.879879 0.232350 0.181247
