6 0.2734375 0.609375 0.1865234375 0.1015625
6 0.451171875 0.5859375 0.1923828125 0.0849609375
6 0.2900390625 0.7041015625 0.193359375 0.1015625
6 0.474609375 0.6787109375 0.193359375 0.095703125
6 0.302734375 0.8076171875 0.20703125 0.1083984375
6 0.4931640625 0.7822265625 0.2041015625 0.103515625
6 0.4150390625 0.908203125 0.431640625 0.138671875
9 0.318359375 0.23828125 0.27734375 0.16796875
9 0.140625 0.298828125 0.2802734375 0.173828125
9 0.4111328125 0.3349609375 0.28515625 0.18359375
9 0.21484375 0.40234375 0.294921875 0.2119140625
9 0.0849609375 0.4736328125 0.169921875 0.1943359375
9 0.0439453125 0.34375 0.0869140625 0.17578125
1 0.5810546875 0.2177734375 0.2138671875 0.140625
1 0.6865234375 0.1826171875 0.1796875 0.134765625
1 0.791015625 0.142578125 0.18359375 0.1494140625
1 0.900390625 0.2255859375 0.197265625 0.1416015625
1 0.7841796875 0.2685546875 0.2041015625 0.1337890625
1 0.673828125 0.3271484375 0.2138671875 0.171875