11.0 0.739051 0.298607 0.403147 0.172700
11.0 0.670998 0.394786 0.422370 0.159649
13.0 0.477653 0.300462 0.142377 0.210489
13.0 0.490586 0.503757 0.277313 0.148040
4.0 0.205488 0.510860 0.164730 0.226081
11.0 0.830166 0.559819 0.288665 0.186302
11.0 0.835930 0.755236 0.231238 0.307184
11.0 0.603266 0.641420 0.307300 0.271638
13.0 0.297593 0.782713 0.302948 0.262777
11.0 0.403685 0.697043 0.311877 0.308572
11.0 0.351980 0.318826 0.242864 0.207758
13.0 0.316044 0.415931 0.270175 0.187484
11.0 0.951107 0.754385 0.097787 0.291426
