6.0 0.726562 0.609375 0.186523 0.101562
6.0 0.548828 0.585938 0.192383 0.084961
6.0 0.709961 0.704102 0.193359 0.101562
6.0 0.525391 0.678711 0.193359 0.095703
6.0 0.697266 0.807617 0.207031 0.108398
6.0 0.506836 0.782227 0.204102 0.103516
6.0 0.584961 0.908203 0.431641 0.138672
9.0 0.681641 0.238281 0.277344 0.167969
9.0 0.859375 0.298828 0.280273 0.173828
9.0 0.588867 0.334961 0.285156 0.183594
9.0 0.785156 0.402344 0.294922 0.211914
9.0 0.915039 0.473633 0.169922 0.194336
9.0 0.956055 0.343750 0.086914 0.175781
1.0 0.418945 0.217773 0.213867 0.140625
1.0 0.313477 0.182617 0.179688 0.134766
1.0 0.208984 0.142578 0.183594 0.149414
1.0 0.099609 0.225586 0.197266 0.141602
1.0 0.215820 0.268555 0.204102 0.133789
1.0 0.326172 0.327148 0.213867 0.171875
