11 0.2744140625 0.2421875 0.3896484375 0.1142578125
11 0.3271484375 0.3525390625 0.412109375 0.09375
13 0.54296875 0.2294921875 0.1103515625 0.22265625
13 0.4931640625 0.4716796875 0.2626953125 0.1142578125
4 0.78515625 0.4638671875 0.130859375 0.236328125
11 0.1337890625 0.5576171875 0.267578125 0.158203125
11 0.0927734375 0.7900390625 0.185546875 0.3193359375
11 0.3525390625 0.6416015625 0.271484375 0.2578125
13 0.6416015625 0.7919921875 0.2685546875 0.248046875
11 0.5478515625 0.6962890625 0.26953125 0.3017578125
11 0.6689453125 0.244140625 0.2158203125 0.1953125
13 0.6884765625 0.357421875 0.248046875 0.1640625