6.0 0.488222 0.188800 0.187323 0.168957
6.0 0.344344 0.266405 0.202775 0.177351
6.0 0.194991 0.352772 0.202849 0.184408
6.0 0.559320 0.268671 0.205238 0.186785
6.0 0.413546 0.346766 0.216972 0.201256
6.0 0.252027 0.441788 0.211642 0.211314
6.0 0.640898 0.347669 0.211172 0.189200
6.0 0.491624 0.436770 0.218301 0.192802
6.0 0.323363 0.529862 0.233334 0.206366
6.0 0.723637 0.433712 0.232805 0.200951
6.0 0.563120 0.530311 0.219644 0.208105
6.0 0.403550 0.626666 0.236044 0.216744
6.0 0.810354 0.525155 0.233767 0.224952
6.0 0.652999 0.631956 0.243456 0.224818
6.0 0.481132 0.732408 0.256728 0.228250
6.0 0.881751 0.648106 0.215964 0.217710
6.0 0.748938 0.744888 0.263931 0.238910
6.0 0.573306 0.847233 0.285564 0.250661
6.0 0.589050 0.979433 0.267881 0.041135
