9 0.34765625 0.203125 0.2236328125 0.140625
9 0.484375 0.142578125 0.2001953125 0.1494140625
9 0.4150390625 0.2880859375 0.2783203125 0.15234375
9 0.5615234375 0.2119140625 0.2412109375 0.134765625
9 0.6123046875 0.068359375 0.244140625 0.130859375
9 0.6982421875 0.1455078125 0.236328125 0.1455078125
9 0.7373046875 0.0439453125 0.236328125 0.0810546875
9 0.8251953125 0.078125 0.259765625 0.125
6 0.400390625 0.4521484375 0.1259765625 0.1181640625
6 0.521484375 0.47265625 0.140625 0.1259765625
6 0.65234375 0.49609375 0.138671875 0.123046875
6 0.4755859375 0.6513671875 0.4072265625 0.3232421875
6 0.4072265625 0.8017578125 0.3955078125 0.287109375
6 0.3212890625 0.900390625 0.509765625 0.19921875