1.0 0.812500 0.119141 0.226562 0.186523
1.0 0.633789 0.103516 0.234375 0.186523
1.0 0.456055 0.090820 0.230469 0.181641
1.0 0.785156 0.296875 0.250000 0.200195
1.0 0.589844 0.279297 0.255859 0.195312
1.0 0.416016 0.269531 0.239258 0.195312
6.0 0.667969 0.598633 0.351562 0.212891
6.0 0.405273 0.471680 0.320312 0.172852
6.0 0.335938 0.563477 0.321289 0.197266
6.0 0.275391 0.656250 0.358398 0.204102
6.0 0.581055 0.740234 0.361328 0.248047
6.0 0.116211 0.760742 0.231445 0.231445
6.0 0.225586 0.812500 0.224609 0.228516
6.0 0.340820 0.872070 0.256836 0.230469
6.0 0.582031 0.922852 0.218750 0.153320
