1.0 0.933594 0.098633 0.132812 0.197266
1.0 0.767578 0.094727 0.250000 0.189453
1.0 0.541016 0.087891 0.234375 0.175781
1.0 0.917969 0.310547 0.163086 0.247070
1.0 0.730469 0.290039 0.286133 0.236328
1.0 0.499023 0.282227 0.286133 0.225586
6.0 0.517578 0.540039 0.407227 0.224609
6.0 0.817383 0.694336 0.365234 0.331055
6.0 0.433594 0.651367 0.443359 0.243164
6.0 0.344727 0.776367 0.471680 0.276367
6.0 0.761719 0.857422 0.476562 0.285156
6.0 0.472656 0.940430 0.242188 0.119141
6.0 0.282227 0.899414 0.260742 0.194336
6.0 0.124023 0.868164 0.248047 0.263672
