9.0 0.348669 0.026309 0.262932 0.052618
9.0 0.225920 0.037086 0.251181 0.074172
9.0 0.137154 0.041113 0.274309 0.082226
9.0 0.621862 0.162684 0.251740 0.169109
9.0 0.483586 0.134257 0.229819 0.172738
9.0 0.555001 0.250663 0.309001 0.189889
9.0 0.406721 0.210166 0.268320 0.167052
9.0 0.354002 0.092053 0.270527 0.164051
9.0 0.268380 0.176534 0.265443 0.175895
9.0 0.227926 0.093552 0.253218 0.117401
9.0 0.141213 0.140222 0.282426 0.161632
6.0 0.571586 0.393698 0.149197 0.130609
6.0 0.449946 0.434381 0.165421 0.140416
6.0 0.318510 0.479478 0.162900 0.137395
6.0 0.498146 0.584632 0.471149 0.368900
6.0 0.568633 0.705558 0.452502 0.333934
6.0 0.656229 0.777240 0.550822 0.275365
6.0 0.665482 0.883623 0.536792 0.134161
