12 0.501953125 0.1787109375 0.701171875 0.0595703125
12 0.5380859375 0.2099609375 0.671875 0.0478515625
12 0.52734375 0.2470703125 0.6357421875 0.0361328125
12 0.2236328125 0.4560546875 0.1171875 0.3798828125
12 0.1611328125 0.447265625 0.09765625 0.3876953125
12 0.109375 0.4326171875 0.1123046875 0.3828125
12 0.6181640625 0.4296875 0.6533203125 0.1083984375
12 0.666015625 0.466796875 0.66796875 0.1015625
12 0.66015625 0.513671875 0.6494140625 0.1083984375
12 0.57421875 0.671875 0.6787109375 0.0791015625
12 0.56640625 0.71484375 0.640625 0.087890625
12 0.533203125 0.75390625 0.634765625 0.09375