6.0 0.911133 0.217773 0.165039 0.273438
6.0 0.695312 0.208008 0.196289 0.260742
6.0 0.815430 0.359375 0.173828 0.236328
6.0 0.911133 0.525391 0.177734 0.264648
6.0 0.709961 0.527344 0.212891 0.294922
6.0 0.708008 0.834961 0.209961 0.285156
6.0 0.916016 0.823242 0.167969 0.276367
6.0 0.833984 0.923828 0.189453 0.151367
6.0 0.460938 0.207031 0.207031 0.286133
6.0 0.213867 0.205078 0.220703 0.303711
6.0 0.342773 0.365234 0.203125 0.276367
6.0 0.462891 0.542969 0.218750 0.291016
6.0 0.217773 0.542969 0.245117 0.319336
6.0 0.469727 0.837891 0.222656 0.312500
6.0 0.213867 0.852539 0.237305 0.293945
6.0 0.340820 0.943359 0.218750 0.113281
6.0 0.036133 0.223633 0.072266 0.313477
6.0 0.033203 0.538086 0.066406 0.309570
6.0 0.037109 0.856445 0.074219 0.287109
