6.0 0.598786 0.036244 0.186095 0.072487
6.0 0.434285 0.289702 0.172418 0.240193
6.0 0.579501 0.133539 0.186095 0.152207
6.0 0.722430 0.273396 0.176315 0.249984
6.0 0.571252 0.279239 0.170905 0.205529
6.0 0.565054 0.466313 0.204778 0.231299
6.0 0.830080 0.403048 0.219833 0.236777
6.0 0.825396 0.610441 0.188986 0.226557
6.0 0.664869 0.595738 0.220341 0.282223
6.0 0.808215 0.813455 0.222430 0.279155
6.0 0.334890 0.405977 0.199514 0.229718
6.0 0.457355 0.591910 0.178525 0.247774
6.0 0.317548 0.591484 0.161502 0.192443
6.0 0.179925 0.581749 0.176985 0.224870
6.0 0.288835 0.783260 0.187245 0.238076
6.0 0.548156 0.741922 0.221587 0.273155
6.0 0.092665 0.704976 0.163886 0.221348
6.0 0.546658 0.895564 0.173022 0.136925
6.0 0.970032 0.639851 0.059936 0.226557
6.0 0.941937 0.839730 0.116127 0.279155
6.0 0.251711 0.964123 0.187245 0.071755
6.0 0.530507 0.970985 0.173022 0.058031
