6 0.3935546875 0.275390625 0.1611328125 0.2509765625
6 0.53125 0.078125 0.19140625 0.146484375
6 0.712890625 0.2119140625 0.1640625 0.26171875
6 0.544921875 0.2421875 0.1650390625 0.2109375
6 0.5673828125 0.4521484375 0.2001953125 0.2353515625
6 0.853515625 0.33984375 0.216796875 0.2392578125
6 0.880859375 0.572265625 0.1826171875 0.232421875
6 0.69921875 0.5810546875 0.2099609375 0.2919921875
6 0.8935546875 0.8017578125 0.212890625 0.2880859375
6 0.30078125 0.4208984375 0.1943359375 0.234375
6 0.466796875 0.609375 0.1669921875 0.2587890625
6 0.310546875 0.630859375 0.15625 0.197265625
6 0.1552734375 0.6416015625 0.1689453125 0.232421875
6 0.30859375 0.849609375 0.1787109375 0.24609375
6 0.591796875 0.7626953125 0.212890625 0.28125
6 0.0771484375 0.79296875 0.154296875 0.23046875
6 0.6142578125 0.9345703125 0.1787109375 0.130859375