8 0.9508771560434145 0.8054764127943578 0.09824568791317105 0.18106928134945371
8 0.8773095562143343 0.9216184861154947 0.22564852084968265 0.13226924936345305
8 0.7339256175762479 0.8520043254296319 0.21299540815498563 0.18054311736154424
8 0.5367587640527509 0.9702050540260897 0.25030152837152997 0.059589891947820564
8 0.5233662022951261 0.8893845047342243 0.21552937476889084 0.160266980028635
8 0.4875015954729241 0.7304271280633153 0.25541022868809904 0.1888465133672712
8 0.29835784210771177 0.9110744073440451 0.23335337226160835 0.17785118531190988
8 0.8554476134196127 0.7339275821132676 0.24571697994174038 0.17779992536599848
8 0.9644502595669113 0.5533326574633577 0.07109948086617734 0.17285679201145393
8 0.839205184810656 0.5783224721116766 0.19494409012915453 0.15065562269254434
8 0.6243076105166189 0.6008134480824052 0.243501262074194 0.20901356269890775
8 0.8257922395086517 0.41259747477717673 0.2666205133278353 0.19834878270208928
8 0.45276156795932393 0.5027561140594973 0.31234219028743926 0.21293854137490714
8 0.3168731952354972 0.63706638470718 0.27842183135366605 0.22816355203690736
8 0.1451442624033983 0.827971553349772 0.199023836368231 0.1835044853596351
8 0.18468779869248703 0.9776164700031817 0.22006845909205772 0.044767059993636595
8 0.11371710299477145 0.6604749706794995 0.18022837226160834 0.18172380935708982
8 0.09828701662654042 0.479106792011454 0.17475126207419392 0.20821358402290802
8 0.9227999686589692 0.2840826707908579 0.1528307979675713 0.20639654535327184
8 0.8110691953020043 0.1750065681094495 0.29069451082055264 0.22049650270527094
8 0.7954859962390763 0.04205770810785868 0.2065969924781527 0.06800675469445326
8 0.5516367078384166 0.06264982940799657 0.27202341567683314 0.1156271893698165
8 0.6639705379384413 0.2998145694223141 0.2566377595669113 0.2310340133672711
8 0.42556726748447027 0.319689075389861 0.2479614415410804 0.20125560669954395
8 0.4050859682632578 0.1257663527211793 0.30967183135366605 0.2285271787078163
8 0.17232024703049914 0.3393908586887263 0.28963211599340216 0.23766582137172546
8 0.20664245658477526 0.06956925469445327 0.27809155925034235 0.10944991470399827
8 0.05825408386094855 0.20373407467377241 0.11077969028743925 0.2105931493475448
8 0.03566236685133199 0.07148464867122706 0.06877874373179384 0.055469297342454114