8 0.19296875 0.153125 0.15 0.14375
8 0.0890625 0.2703125 0.11796875 0.19140625
8 0.1734375 0.390625 0.14453125 0.1734375
8 0.05 0.58203125 0.09921875 0.21953125
8 0.1578125 0.5828125 0.12265625 0.178125
8 0.303125 0.59609375 0.1453125 0.21171875
8 0.1515625 0.7875 0.1453125 0.190625
8 0.26875 0.26640625 0.13671875 0.20390625
8 0.41875 0.08671875 0.14921875 0.16484375
8 0.40859375 0.2625 0.11796875 0.16171875
8 0.40703125 0.4578125 0.16640625 0.19765625
8 0.5578125 0.2546875 0.153125 0.21953125
8 0.50859375 0.6 0.16171875 0.26015625
8 0.4 0.7375 0.18125 0.228125
8 0.24375 0.9171875 0.14765625 0.165625
8 0.0578125 0.9015625 0.115625 0.196875
8 0.396875 0.92578125 0.14609375 0.1484375
8 0.5609375 0.92265625 0.17265625 0.15
8 0.66484375 0.121875 0.17265625 0.17890625
8 0.77109375 0.2390625 0.1703125 0.23984375
8 0.9171875 0.0640625 0.165625 0.1265625
8 0.93515625 0.2359375 0.1296875 0.17734375
8 0.92734375 0.4578125 0.1453125 0.23359375
8 0.671875 0.3859375 0.184375 0.20625
8 0.67421875 0.603125 0.159375 0.203125
8 0.84921875 0.59765625 0.1765625 0.25546875
8 0.67734375 0.83125 0.18671875 0.23671875
8 0.940625 0.76796875 0.11875 0.24296875
8 0.8109375 0.93984375 0.17734375 0.1203125
8 0.95625 0.946875 0.0875 0.10625
8 0.07421875 0.0421875 0.10859375 0.084375
8 0.0234375 0.11171875 0.04453125 0.15234375
8 0.1890625 0.03046875 0.10546875 0.06015625
8 0.30390625 0.03046875 0.1015625 0.0609375