8 0.1400033521647404 0.16171875 0.17912493949875796 0.171875
8 0.0579908037637468 0.29921875 0.1137817406302261 0.2203125
8 0.14775326141287737 0.41953125 0.1761817466803503 0.203125
8 0.052932161684023836 0.63828125 0.09986468637549999 0.2453125
8 0.15366341470908593 0.6296875 0.15432492739850953 0.20625
8 0.31146682435000633 0.628125 0.18267718637549998 0.2453125
8 0.17135595051885186 0.85078125 0.17941583098930575 0.221875
8 0.23519365319801272 0.275 0.17168514422102224 0.2359375
8 0.37703974385167993 0.08203125 0.17591812626704142 0.1578125
8 0.3850800237095175 0.25546875 0.14640334308955402 0.1875
8 0.4074009721852659 0.46640625 0.2044703731437835 0.23125
8 0.545081737605164 0.22890625 0.19053513817089823 0.253125
8 0.5340094448615111 0.60859375 0.20486125858420703 0.2984375
8 0.4333787066671719 0.76875 0.22342945140261464 0.2671875
8 0.2836019413454697 0.94140625 0.17255677693097127 0.1171875
8 0.09763717026823082 0.93671875 0.11011131908544902 0.1265625
8 0.4484502365250095 0.9421875 0.17098518657189174 0.115625
8 0.6249400136523725 0.9296875 0.19923745159900647 0.1375
8 0.644272695647078 0.08984375 0.20729539129415606 0.1796875
8 0.773751638269094 0.18828125 0.212555583916172 0.278125
8 0.8853289668225127 0.0296875 0.1394079336450254 0.059375
8 0.9244192587805987 0.16875 0.11053856596219092 0.2
8 0.937527791958086 0.409375 0.124944416083828 0.2625
8 0.6841174874087722 0.35859375 0.2233021863754999 0.2453125
8 0.7128247912707149 0.59296875 0.19514082493918145 0.2390625
8 0.8949681081166687 0.5671875 0.2100637837666625 0.296875
8 0.7439440228257548 0.8390625 0.22973399355709248 0.2765625
8 0.9697413700205255 0.74375 0.060517259958949056 0.26875
8 0.8975280859592754 0.91796875 0.2006181444174139 0.10625
8 0.030900542056281843 0.07421875 0.06129202400410509 0.0609375
8 0.12293805113146816 0.0484375 0.11583407825883123 0.0359375
8 0.246307373438371 0.03671875 0.11114657825883115 0.0359375