8 0.2015625 0.09609375 0.171875 0.10859375
8 0.38671875 0.1046875 0.14375 0.1203125
8 0.55390625 0.11328125 0.12578125 0.11171875
8 0.72734375 0.12421875 0.13125 0.11484375
8 0.890625 0.12890625 0.13125 0.11796875
8 0.2046875 0.23125 0.1546875 0.1171875
8 0.38359375 0.23984375 0.14453125 0.12109375
8 0.55 0.2421875 0.14375 0.1203125
8 0.7203125 0.24921875 0.140625 0.11484375
8 0.884375 0.2609375 0.14296875 0.11328125
8 0.19609375 0.3703125 0.1609375 0.11953125
8 0.3796875 0.3765625 0.13671875 0.10703125
8 0.55703125 0.3828125 0.140625 0.11953125
8 0.7203125 0.38203125 0.140625 0.11171875
8 0.88046875 0.38671875 0.13515625 0.10234375
8 0.19921875 0.50703125 0.16640625 0.11171875
8 0.38203125 0.50859375 0.14921875 0.10859375
8 0.54921875 0.5140625 0.140625 0.10703125
8 0.7171875 0.5140625 0.13515625 0.10703125
8 0.8796875 0.515625 0.1421875 0.1109375
8 0.2015625 0.6390625 0.15546875 0.1140625
8 0.3703125 0.6421875 0.1390625 0.1078125
8 0.54921875 0.6421875 0.140625 0.11328125
8 0.71328125 0.640625 0.14296875 0.1109375
8 0.878125 0.64453125 0.1390625 0.11171875
8 0.18359375 0.7734375 0.153125 0.11328125
8 0.371875 0.7765625 0.1515625 0.10703125
8 0.54375 0.7765625 0.14609375 0.11953125
8 0.7109375 0.77109375 0.1375 0.096875
8 0.87265625 0.76875 0.13515625 0.11015625
8 0.19140625 0.9171875 0.16015625 0.11328125
8 0.36171875 0.91015625 0.15 0.1109375
8 0.53515625 0.90390625 0.1296875 0.11875
8 0.70078125 0.896875 0.1421875 0.10390625
8 0.86796875 0.89765625 0.14296875 0.0984375