8 0.21782269967568846 0.055670386696362276 0.19872960064862308 0.10854084802672606
8 0.4214834878251354 0.07210555072404282 0.1695330243497292 0.13632040268936257
8 0.6024198421272065 0.0921833354153144 0.14916597727182862 0.1329590453532718
8 0.7925948287345259 0.12018270810785867 0.15393529788867966 0.13770108935390818
8 0.9446522065755474 0.13836163812853952 0.10867734496658059 0.14029883068109025
8 0.20999478855648404 0.1907630020289532 0.18057961850553061 0.14269767202418074
8 0.40491182224170413 0.21569191872213384 0.17128643912238156 0.147276084022908
8 0.5866703368522007 0.23343504408017815 0.169669392044481 0.14413290268936257
8 0.7714720308458463 0.2559020321053133 0.16490007142762994 0.1393908586887263
8 0.9312191777615911 0.28120311879372145 0.1304705243497292 0.13586586935072642
8 0.18626914204777623 0.3412988040260897 0.19000916558343128 0.14593176002545327
8 0.38668219927194664 0.3647288553866794 0.16004893019392785 0.12996131468808994
8 0.5808588932655923 0.38730493141308725 0.16654439204448082 0.14409654002227174
8 0.7587793417234646 0.40109635343726796 0.16481825081077908 0.1347033586887262
8 0.9241043327950109 0.42021107479308506 0.13962733603812652 0.12347495735199913
8 0.17660599553906842 0.49199823802513515 0.19299779788867957 0.13815562269254436
8 0.37633326014956503 0.5099504487189522 0.17257620373287824 0.13166926535645337
8 0.558818477682161 0.5308276647437692 0.16473643019392803 0.1300158586887264
8 0.742961652601083 0.5462543121021317 0.15845915665497756 0.1283806333545444
8 0.9146184642894802 0.5607542587921306 0.1538534772718286 0.1330135893539081
8 0.1670383064166868 0.6372289220241807 0.18208757142762994 0.13959085335772628
8 0.35112693425770825 0.6557805693825431 0.16320120373287822 0.13156017735518083
8 0.5462076091766302 0.6713344860757238 0.16487279788867965 0.1378283586887264
8 0.7272530576345029 0.6851622707669953 0.1679432508107787 0.1347397213558171
8 0.9027615722449994 0.702832670790858 0.15544325081077873 0.1345942706874535
8 0.13481436729430518 0.7821959766868172 0.17893529788867957 0.1379919906906352
8 0.3407507215963763 0.802564662714816 0.17723643019392785 0.13016130935709
8 0.5280188965152984 0.8180276727402693 0.17279439204448083 0.14416926535645339
8 0.7114899155900218 0.8271952294318592 0.16142051542127547 0.1190419960216353
8 0.8886700243563197 0.8386338107892671 0.15854097727182861 0.13306813335454457
8 0.1299205414024484 0.928262454686499 0.18321369480442445 0.11460903469127146
8 0.3172705369382215 0.9390379647119526 0.17392051542127546 0.11918744668999892
8 0.5054699663213705 0.9424436806969986 0.15210006249917604 0.1151126386060028
8 0.6873921221655692 0.9497118353755436 0.16594437418757338 0.1005763292489128
8 0.8716307544708174 0.9585970340547249 0.16567163879807012 0.08280593189055026