6 0.201171875 0.095703125 0.171875 0.1083984375
6 0.38671875 0.1044921875 0.1435546875 0.1201171875
6 0.5537109375 0.11328125 0.1259765625 0.111328125
6 0.7275390625 0.1240234375 0.130859375 0.115234375
6 0.890625 0.12890625 0.130859375 0.1181640625
6 0.205078125 0.2314453125 0.154296875 0.1171875
6 0.3837890625 0.240234375 0.14453125 0.12109375
6 0.5498046875 0.2421875 0.1435546875 0.1201171875
6 0.7197265625 0.2490234375 0.140625 0.115234375
6 0.884765625 0.2607421875 0.1435546875 0.11328125
6 0.1962890625 0.3701171875 0.1611328125 0.119140625
6 0.3798828125 0.3759765625 0.13671875 0.1064453125
6 0.556640625 0.3828125 0.140625 0.119140625
6 0.7197265625 0.3818359375 0.140625 0.1123046875
6 0.880859375 0.38671875 0.134765625 0.1025390625
6 0.19921875 0.5068359375 0.1669921875 0.1123046875
6 0.3818359375 0.5087890625 0.1484375 0.109375
6 0.548828125 0.513671875 0.140625 0.1064453125
6 0.7177734375 0.513671875 0.134765625 0.1064453125
6 0.8798828125 0.515625 0.1416015625 0.111328125
6 0.201171875 0.6396484375 0.1552734375 0.1142578125
6 0.3701171875 0.642578125 0.1396484375 0.1083984375
6 0.548828125 0.6416015625 0.140625 0.11328125
6 0.712890625 0.640625 0.1435546875 0.111328125
6 0.87890625 0.64453125 0.1396484375 0.1123046875
6 0.18359375 0.7734375 0.1533203125 0.11328125
6 0.3720703125 0.7763671875 0.1513671875 0.107421875
6 0.54296875 0.7763671875 0.146484375 0.119140625
6 0.7109375 0.771484375 0.1376953125 0.0966796875
6 0.8720703125 0.7685546875 0.134765625 0.1103515625
6 0.19140625 0.9169921875 0.16015625 0.11328125
6 0.3623046875 0.91015625 0.150390625 0.111328125
6 0.53515625 0.904296875 0.1298828125 0.1181640625
6 0.7001953125 0.896484375 0.1416015625 0.103515625
6 0.8681640625 0.8974609375 0.1435546875 0.0986328125