8 0.15608439278322192 0.8611438258918568 0.13973630402608972 0.19458757142762978
8 0.13279979209099582 0.6724943831160272 0.1456590400222717 0.16657166558343128
8 0.11285836740131505 0.5026494874180983 0.1344851826861809 0.1460682508107789
8 0.09360728604390708 0.3250057284896445 0.13926358935390815 0.15396257142762995
8 0.07137665535486265 0.1598074224832901 0.14082608935390814 0.15398984496658025
8 0.2917309914464948 0.8385166237805365 0.14422380935708984 0.1774818920444808
8 0.27009070675522323 0.6569257045436571 0.14878404002227175 0.16662621266133187
8 0.24390837273231517 0.48775296468992685 0.14565904002227176 0.16657166558343128
8 0.22159592604231623 0.3155234086835724 0.13937267735518083 0.16333757142762995
8 0.20479768268618095 0.1472955600635442 0.1393908586887262 0.1649000714276299
8 0.43298270011135853 0.8277036290555422 0.149002216024817 0.18537621266133186
8 0.40738162141945067 0.641357025971287 0.13150563335454457 0.15851370373287815
8 0.38341576806172445 0.4612876964259822 0.14406017735518084 0.1634193920444808
8 0.35571638737268 0.2959939330333016 0.1362294960216353 0.1617205243497292
8 0.33273177868395376 0.1331257402574721 0.12676358935390813 0.15374438311602723
8 0.5701917987746314 0.805103700483172 0.1412260786919079 0.18836484496658024
8 0.5407026514162689 0.6202514135515411 0.13477608402290803 0.1710682508107789
8 0.517645317393361 0.4511332207757115 0.1331044960216353 0.1616659772718286
8 0.4883107113701346 0.27956218384408055 0.13146927068745348 0.15538870373287814
8 0.46297326201463573 0.11587183075982546 0.13624767735518084 0.16328302434972924
8 0.7035128287714497 0.7839980880634261 0.14109880935708982 0.17742734496658025
8 0.6773123134149962 0.6132628482096958 0.13152381468808994 0.16007620373287815
8 0.6463061193904973 0.4322895377391145 0.1377919960216353 0.16174779788867966
8 0.6170351480346803 0.2661872508074836 0.13626585868872637 0.16484552434972918
8 0.5924334953453176 0.09860428449270368 0.13777381468808994 0.16018529788867958
8 0.8409764661043588 0.783273159491056 0.14106244668999893 0.17430234496658023
8 0.8114145934118145 0.5921708725594251 0.13479426535645372 0.1726307508107789
8 0.7820618060550428 0.41903733562779416 0.14569540268936265 0.16969666558343127
8 0.7488573126989075 0.2505231148487873 0.12054995202099902 0.15676028896022584
8 0.7172880446769541 0.08828616760873087 0.13457608935390813 0.1538807508107789
8 0.956107286043907 0.7533419719902323 0.08778542791218591 0.1813511858759707
8 0.9395277660327712 0.5835379866007289 0.12094446793445748 0.17095915665497757
8 0.9123851053866794 0.40881467613014755 0.14237040802036277 0.15245461850553052
8 0.8768641340308623 0.24260329504271522 0.1299794960216353 0.16161143019392785
8 0.8492374786759995 0.0835595316500346 0.12347495735199913 0.13962733603812652