12 0.8186832546263874 0.7103929404097462 0.22563557878390342 0.18317542740790566
12 0.596542944117161 0.6808371579588863 0.2574316103539346 0.19418817051050077
12 0.35771566254713 0.6589743668015992 0.23546560509226264 0.19147925033868418
12 0.803985175842484 0.5382722789443569 0.2512726156156063 0.19542312188998173
12 0.5717341179640936 0.5089654799851536 0.2398044945971538 0.1589942989592032
12 0.33041887322576546 0.497876414517607 0.26340859456891896 0.1898282191310198
12 0.7881950339185184 0.3474016174789677 0.2737846524473094 0.20750704206179832
12 0.5192630233951746 0.3301920267966504 0.2542911998023559 0.22050500904511158
12 0.2887032681335028 0.31655117141501193 0.24758617349399667 0.21236496042459257
12 0.761239878840373 0.15205149592767014 0.2836146787556686 0.21581086499257682
12 0.5038446077936858 0.13233105890882596 0.2670642155873715 0.22584760628614955
12 0.24621411831702944 0.12194467831241691 0.26008617349399665 0.21302005766563054