12 0.24375 0.35078125 0.18984375 0.1421875
12 0.453125 0.34609375 0.2171875 0.1484375
12 0.67734375 0.33125 0.19765625 0.15
12 0.265625 0.51171875 0.2125 0.1515625
12 0.48359375 0.5046875 0.20625 0.11875
12 0.709375 0.47890625 0.225 0.1453125
12 0.2890625 0.6890625 0.2328125 0.159375
12 0.53984375 0.665625 0.209375 0.175
12 0.75703125 0.64453125 0.20546875 0.1671875
12 0.3234375 0.87890625 0.2390625 0.1828125
12 0.5640625 0.85703125 0.2203125 0.18984375
12 0.8046875 0.821875 0.21796875 0.16640625