12 0.68984375 0.2513479412396861 0.2375 0.1996385626989076
12 0.4625 0.29696207527054835 0.26875 0.21406468936981646
12 0.21640625 0.3357631353039559 0.2484375 0.21070333203372565
12 0.703125 0.43009964990454985 0.2640625 0.2171351453691802
12 0.46640625 0.4750416219366847 0.25 0.1794715133672712
12 0.215625 0.5029597259707286 0.278125 0.21104877737108918
12 0.71875 0.6275740865690954 0.2890625 0.22836354670590744
12 0.4421875 0.6628234326066391 0.2671875 0.24060900803627092
12 0.203125 0.6929489266390922 0.2609375 0.2311612827020891
12 0.72578125 0.8407735205681408 0.3015625 0.2581964973742707
12 0.459375 0.8704359379376392 0.28125 0.2517101400381801
12 0.19375 0.8883705146403649 0.26875 0.22187718936981646