8 0.2205827501874312 0.8175512128529814 0.3616350163362503 0.36489757429403724
12 0.08560245924989626 0.524793063011266 0.15382120991548637 0.30271112602253203
21 0.15318412385944463 0.24179635807584338 0.2999675516711113 0.20859271615168673
1 0.5219691850298613 0.1869463513454188 0.4220633700597226 0.3557979882550105
23 0.4693598634102088 0.5429857511871342 0.17853026918604192 0.2909385517284949
2 0.5920881953821879 0.5161086656103261 0.1627961664125003 0.28579641066226813
23 0.726081335674792 0.5036123287798766 0.17035409327423637 0.27508623119538156
23 0.6320287432535772 0.8116219505144248 0.443394162612778 0.37675609897115053
18 0.803252939779514 0.06240831875074675 0.25025587955902784 0.0853537929530063
17 0.8354322729857641 0.20387440472326634 0.27293357940652785 0.2546493622324785
8 0.8891923994106599 0.6359343984550602 0.22161520117868036 0.6675752595669113