8 0.24892040002386256 0.18727963792272548 0.3697158000477251 0.3685917580627706
12 0.10445497406108809 0.45462118755122194 0.2019646787078163 0.31236737510244394
21 0.17724977343249543 0.7383284075674326 0.33991811736154415 0.22353181513486522
1 0.5618525874442677 0.8253018686923032 0.412066932049634 0.34939626261539375
23 0.5053089493952699 0.4795378742738744 0.17512945870463453 0.28769270678164427
2 0.6259941667329516 0.5171727690210254 0.16259309603754382 0.2839855099247973
23 0.7566720020687241 0.5412181987143645 0.16715332670272573 0.2732663337461151
23 0.6592493726925442 0.22122672228801302 0.4341237453850885 0.4012630169541108
18 0.8220008414624032 0.9670463746881591 0.22614542401336307 0.06590725062368179
17 0.8562111147755859 0.8417875870513747 0.2418624253659985 0.25175951488719617
8 0.9019806706715453 0.4294909483000797 0.19603865865690934 0.6404196004953381