8 0.62734375 0.3328125 0.10390625 0.06015625
8 0.77109375 0.3359375 0.11328125 0.0546875
8 0.91328125 0.33671875 0.11953125 0.05703125
8 0.61953125 0.3875 0.11484375 0.0546875
8 0.77734375 0.3921875 0.12578125 0.04921875
8 0.92265625 0.390625 0.13828125 0.05625
8 0.6140625 0.44453125 0.11328125 0.053125
8 0.76953125 0.45078125 0.146875 0.0609375
8 0.93203125 0.44765625 0.13046875 0.05
8 0.60859375 0.5109375 0.13046875 0.07265625
8 0.77734375 0.51875 0.12578125 0.0609375
8 0.9359375 0.5140625 0.128125 0.06328125
8 0.5984375 0.5859375 0.11953125 0.071875
8 0.78359375 0.59140625 0.15625 0.071875
8 0.9453125 0.59375 0.109375 0.0765625
8 0.5921875 0.66796875 0.14453125 0.07890625
8 0.78203125 0.68046875 0.153125 0.09453125
8 0.94296875 0.6875 0.1140625 0.09765625