8 0.6986554264973857 0.33770546809354113 0.12419366943775678 0.0811056440165447
8 0.8555191919367919 0.3606173514480856 0.13338681301126593 0.07496473201781732
8 0.9688816953020041 0.3791866327975394 0.06223660939599185 0.07427384134309048
8 0.6839313484424249 0.395327064091314 0.13338681301126593 0.07496473201781732
8 0.8557979882550104 0.42388042011454025 0.14418792069139813 0.0704045013526354
8 0.9665977812745238 0.43618152013044853 0.0668044374509524 0.07278406667727229
8 0.672400466547398 0.4553287727561777 0.13338681301126593 0.07496473201781732
8 0.8419688204666065 0.4854173567790857 0.1696880258642473 0.08788290268936265
8 0.9715042416202226 0.4995082234643121 0.05699151675955463 0.06175566000954511
8 0.6596480654520415 0.527031050087496 0.1543358105039836 0.09707608935390813
8 0.8425658655311837 0.5596179254455402 0.14772209765100222 0.08450336401972632
8 0.970115237859299 0.572918451463994 0.05976952428140194 0.07743520401018138
8 0.6416542348897982 0.6064821927514051 0.14179034639736088 0.09536813868554468
8 0.8425635170222519 0.6400594034452222 0.18255173871722902 0.1005283533577261
8 0.9763867956581445 0.661199701463994 0.047226408683711085 0.08969884667409059
8 0.6262314748606684 0.6937731074156326 0.17023359514371955 0.10663290268936265
8 0.8321010416328581 0.7367798621100858 0.18327916442319178 0.1255283533577261
8 0.9675149066702353 0.7610178881285395 0.06497018665952936 0.11324543467536312