8 0.6761407120862233 0.6234831753292545 0.06531701201463562 0.10893071509696384
8 0.6778588481062678 0.7711394253292545 0.05917610001590834 0.11819662094116268
8 0.6819025527927669 0.917192265020829 0.062392006683635516 0.12606366801906327
8 0.6198088960852688 0.6174337727314667 0.05921246268299925 0.12132162094116268
8 0.6201372547739951 0.7799610462704172 0.05307155068427179 0.13058752678536117
8 0.6264883467934033 0.9228479756535659 0.060902232017817325 0.13228639448011278
8 0.5619418520846324 0.6137553936726293 0.05761360001590834 0.11816934740221222
8 0.5598991887730407 0.7739798275200052 0.06740677068745349 0.1542704886359143
8 0.5679855034611305 0.9316832333642038 0.05292610001590834 0.11808752678536116
8 0.49313730808399614 0.6102679293864443 0.0781442760184536 0.13727390340856652
8 0.4912491861075405 0.7837736132338201 0.06557155068427196 0.130805715096964
8 0.500034934794676 0.9344321323085436 0.06695223734881743 0.1152079886359143
8 0.4149123107494962 0.6030378563339612 0.07643632535009015 0.1247466298696164
8 0.41634009277526773 0.7928952431034364 0.0784533586887262 0.1638364034085665
8 0.418130954129494 0.9468014931034364 0.08076019867918127 0.09357845048646744
8 0.33126401674885986 0.5998094906678044 0.08612040802036267 0.1514727711033183
8 0.32415259277526776 0.7945043819015065 0.1018544960216353 0.16112050649282175
8 0.32123777279594856 0.9469299525183577 0.10267156134627217 0.09708528003177222