6 0.6279296875 0.3330078125 0.1044921875 0.060546875
6 0.771484375 0.3359375 0.11328125 0.0546875
6 0.9130859375 0.3369140625 0.119140625 0.056640625
6 0.619140625 0.3876953125 0.115234375 0.0546875
6 0.77734375 0.392578125 0.1259765625 0.048828125
6 0.921875 0.390625 0.1376953125 0.0556640625
6 0.6142578125 0.4443359375 0.11328125 0.0537109375
6 0.76953125 0.451171875 0.1474609375 0.0615234375
6 0.9326171875 0.447265625 0.1298828125 0.0498046875
6 0.6083984375 0.5107421875 0.1298828125 0.072265625
6 0.77734375 0.5185546875 0.1259765625 0.0615234375
6 0.935546875 0.513671875 0.1279296875 0.0625
6 0.5986328125 0.5859375 0.119140625 0.0712890625
6 0.783203125 0.591796875 0.15625 0.0712890625
6 0.9453125 0.59375 0.109375 0.076171875
6 0.591796875 0.66796875 0.14453125 0.0791015625
6 0.7822265625 0.6806640625 0.1533203125 0.0947265625
6 0.9423828125 0.6875 0.115234375 0.09765625