8 0.8802009322192275 0.7108809807844946 0.14703073295387128 0.1001283640197265
8 0.7375906923654971 0.6850077294318592 0.15769549756436801 0.08463063335454457
8 0.5818082966675683 0.6652299367440874 0.14703073295387145 0.10012836401972632
8 0.4361412406612139 0.643226572724361 0.14374209172016936 0.09071700135263541
8 0.2951480478853843 0.620496502705271 0.1438239123370204 0.09540450135263541
8 0.1542503124958809 0.6032351826861809 0.15936709172016936 0.09089881468808994
8 0.8825504107088721 0.8007338214512674 0.1469761858759707 0.09700336401972649
8 0.7236430150109431 0.7809196660964046 0.12203073295387146 0.09983746268299924
8 0.5693412986961631 0.7564725547421783 0.15637845941492118 0.09867495202099903
8 0.4190003794592839 0.7351958967218156 0.15311709172016935 0.0908260893539083
8 0.27410093668345437 0.7124203733688621 0.1688239123370204 0.09569540268936265
8 0.12604922036867441 0.6880459873488174 0.16106595941492108 0.0987294960216353
8 0.8687254642795945 0.9036770081158128 0.15796823295387127 0.10025563335454421
8 0.7073788611953393 0.8783668307606319 0.1470852800317722 0.10325336401972648
8 0.5554345316500345 0.854728241406724 0.1469761858759707 0.09700336401972649
8 0.39249815502682917 0.8278373827179977 0.1580500535707224 0.10494313335454457
8 0.23590723578994993 0.8064879993634533 0.15637845941492107 0.09867495202099903
8 0.08468960916674448 0.7797335006763177 0.1439602800317721 0.10321700135263541