8 0.18515625 0.61484375 0.12578125 0.0765625
8 0.31484375 0.60703125 0.13671875 0.0609375
8 0.45703125 0.6046875 0.12421875 0.0765625
8 0.590625 0.6 0.12265625 0.06796875
8 0.7203125 0.59453125 0.12265625 0.07265625
8 0.8484375 0.59375 0.13828125 0.06640625
8 0.17578125 0.69609375 0.12578125 0.0734375
8 0.3203125 0.69453125 0.10078125 0.08046875
8 0.46171875 0.6890625 0.13359375 0.07421875
8 0.59921875 0.6859375 0.13046875 0.0671875
8 0.73125 0.6796875 0.14453125 0.071875
8 0.8671875 0.6734375 0.13828125 0.07421875
8 0.18046875 0.79140625 0.13515625 0.075
8 0.32734375 0.78515625 0.12421875 0.0796875
8 0.46640625 0.7796875 0.12421875 0.0734375
8 0.615625 0.77265625 0.13515625 0.08046875
8 0.7578125 0.76953125 0.13359375 0.0734375
8 0.89765625 0.7625 0.12578125 0.08046875