6 0.1845703125 0.615234375 0.1259765625 0.0771484375
6 0.3154296875 0.607421875 0.13671875 0.0615234375
6 0.45703125 0.6044921875 0.1240234375 0.0771484375
6 0.5908203125 0.599609375 0.123046875 0.068359375
6 0.720703125 0.5947265625 0.123046875 0.072265625
6 0.8486328125 0.59375 0.1376953125 0.06640625
6 0.17578125 0.6962890625 0.1259765625 0.0732421875
6 0.3203125 0.6943359375 0.1015625 0.080078125
6 0.4619140625 0.689453125 0.1337890625 0.07421875
6 0.599609375 0.685546875 0.1298828125 0.0673828125
6 0.7314453125 0.6796875 0.14453125 0.0712890625
6 0.8671875 0.673828125 0.1376953125 0.07421875
6 0.1806640625 0.791015625 0.134765625 0.0751953125
6 0.3271484375 0.78515625 0.1240234375 0.080078125
6 0.466796875 0.7802734375 0.1240234375 0.0732421875
6 0.615234375 0.7724609375 0.134765625 0.080078125
6 0.7578125 0.76953125 0.1337890625 0.0732421875
6 0.8974609375 0.7626953125 0.1259765625 0.080078125