8 0.5844865834877787 0.1620343005337495 0.10652779691210804 0.14455139342673623
8 0.5938020413849943 0.2976444922131245 0.09123017912609299 0.15356271751493064
8 0.6089582715147284 0.4448279635277772 0.10652779691210786 0.14455139342673623
8 0.6220708520072822 0.5834722362292009 0.09542660580511537 0.13960932028847228
8 0.6321675599044978 0.7190642441129855 0.09855160580511538 0.13968205547083343
8 0.6478421452063751 0.8514039654276383 0.09597224282842376 0.15523432028847245
8 0.6688715071715762 0.13743238440558972 0.10340279691210785 0.14447865824437506
8 0.6862623598966485 0.28768630433347164 0.1041468413771451 0.12107752583555564
8 0.6975669037287135 0.4333981946260758 0.10373017912609299 0.15385365824437508
8 0.7120782931142748 0.5766935997363187 0.0973164880191005 0.14902068787965278
8 0.7229016873091595 0.7138299238245133 0.1040575613400783 0.16322865824437507
8 0.7335613903970516 0.8556537479127077 0.1054018065307547 0.15701502583555574
8 0.7684722030878921 0.12418554236562436 0.10534724282842375 0.15545252583555563
8 0.7818749602594682 0.27687413127145766 0.10809029691210803 0.1445877610179167
8 0.7932067859426987 0.4218047715640618 0.10340279691210803 0.14447865824437506
8 0.8049651975607786 0.5768734780610757 0.109980179126093 0.15399912860909737
8 0.8193128958393471 0.7248563831713188 0.10367561542376222 0.15229115824437506
8 0.8292186307784046 0.8659171410551035 0.1078720421027846 0.1383377610179167