8 0.17593651852045183 0.5072925284102142 0.10614351006798621 0.13148755357072234
8 0.2755371282278477 0.5219669086868677 0.13619468597979179 0.1476307508107789
8 0.37884396618375044 0.5279793551161454 0.107233231382639 0.11120232710967279
8 0.4707957300514588 0.5498213530875503 0.11995143692972228 0.12079551542127547
8 0.5710866707809032 0.5605758465947286 0.11217530452090294 0.12222164772652384
8 0.6621844494662504 0.5793064813356089 0.11261171561506948 0.14097164772652385
17 0.7616759564001047 0.5892933616122623 0.11897081838861112 0.14576824188232518
17 0.8606226026766326 0.6094501286583909 0.1258026998475003 0.17087733603812652
8 0.18554464181121558 0.3492482033291364 0.120060539703264 0.12548301542127546
17 0.28759810429215305 0.36856917329736427 0.12354921561506949 0.14116256249917622
17 0.39206805195545175 0.3909742329571667 0.12031511284152785 0.13642051542127548
17 0.495411257502535 0.39854917938644424 0.10156511284152785 0.13609323295387146
17 0.5964834482319794 0.4092900361241473 0.11530030452090294 0.12227619480442442
17 0.698536910712917 0.42861100609237524 0.10934124525034719 0.13466710064862325
17 0.7982648069894449 0.4487541363690286 0.11399237765916688 0.13318642126547414
17 0.8969750639232992 0.45875465341515725 0.10955945079743046 0.14404210064862308
17 0.20038512575930573 0.18095217086173232 0.125075348023889 0.13962733603812652
17 0.3071442720358335 0.20097257021310924 0.13201633225631956 0.16942393019392785
17 0.410887521085903 0.22573501664238677 0.1271106267092362 0.15996710957707688
17 0.5213165280197571 0.2355309821463878 0.13045383225631965 0.16939665665497755
8 0.6317819025447919 0.24688944765038884 0.12696515634451408 0.1537171095770768
8 0.7417569677992711 0.27076154992386503 0.12874586189159737 0.1631193831160272
8 0.8412484747331253 0.2807484302005185 0.11264808320625015 0.14253414772652384
8 0.9386650693385418 0.29850690016874637 0.12266986132291642 0.16317393019392784