8 0.2515279382879137 0.4990016231437834 0.09540002471457934 0.11771474082661779
8 0.3456917737631772 0.5097032946885605 0.12559686068413445 0.13038745764913068
8 0.441912857755566 0.5133873517719569 0.0977610207602467 0.09898292154477702
8 0.5285506947137043 0.5310748215213359 0.1090168557412186 0.10685905405833437
8 0.6218377796946764 0.5394281978865731 0.10289418973360753 0.10994769262201594
8 0.7075351991623287 0.5532048724564124 0.10203202669174569 0.1271261022629364
17 0.799945533649009 0.5592099536421098 0.10691052768032883 0.13184087334017516
17 0.89358278710905 0.576157080007347 0.11411553262324467 0.1553147347764936
8 0.2502625741437381 0.3529351442210223 0.10764535672980183 0.11153746369925477
17 0.3453349936113904 0.36676636094533915 0.11134335969555131 0.12561814441741398
17 0.4445046640676259 0.38530780356735506 0.10809102570316256 0.12247496369925477
17 0.5407575815581118 0.38977311065075154 0.09090352570316255 0.12237496974937896
17 0.6355434995428895 0.3965730773750685 0.10601918973360736 0.10996587334017516
17 0.7314926695048334 0.4127525892789251 0.09865235870696801 0.12085792154477701
17 0.8250980894667773 0.42891846564416236 0.10321252471457924 0.11776019262201594
17 0.9167271739534577 0.43491900165032 0.09747186068413427 0.1302238311856975
17 0.25402029102620177 0.1959629815550398 0.11446835969555132 0.1256363251355732
17 0.35303079399195125 0.21059817417705567 0.11717686562705047 0.1537704154946528
17 0.45151471494247836 0.23147882161953182 0.11523236364988403 0.1443863251355732
17 0.5548625494291587 0.23754753531878658 0.11717686562705047 0.1537704154946528
8 0.6574928009120334 0.24517420383850155 0.11497769566510634 0.13813632513557322
8 0.761349971368269 0.2637429175377563 0.11692219764227278 0.14752041549465283
8 0.8538239728511439 0.27131049872345375 0.10059686068413427 0.1302420119038567
8 0.9456241884978784 0.28515080580685026 0.10875162300424321 0.1459670058537325