8 0.2328125 0.4546875 0.07421875 0.10546875
8 0.325 0.45859375 0.10078125 0.1140625
8 0.41875 0.4703125 0.08046875 0.0859375
8 0.5046875 0.4671875 0.08984375 0.0921875
8 0.596875 0.475 0.08203125 0.09453125
8 0.68203125 0.47421875 0.07890625 0.1125
17 0.77265625 0.4828125 0.0828125 0.1171875
17 0.86484375 0.48125 0.084375 0.140625
8 0.21484375 0.59765625 0.0875 0.096875
17 0.309375 0.5984375 0.0875 0.11171875
17 0.40703125 0.59609375 0.08671875 0.1078125
17 0.5015625 0.6078125 0.06875 0.1109375
17 0.59375 0.615625 0.08515625 0.09453125
17 0.6890625 0.615625 0.078125 0.1078125
17 0.78203125 0.61484375 0.08125 0.10546875
17 0.871875 0.6234375 0.07421875 0.1171875
17 0.2 0.7515625 0.09140625 0.109375
17 0.2984375 0.75234375 0.08984375 0.1375
17 0.39609375 0.7484375 0.0890625 0.12890625
17 0.49765625 0.75859375 0.0890625 0.1375
8 0.5984375 0.76796875 0.0890625 0.1234375
8 0.70078125 0.765625 0.0890625 0.13203125
8 0.7921875 0.77421875 0.07734375 0.11640625
8 0.8875 0.775 0.090625 0.13125