6 0.232421875 0.4541015625 0.07421875 0.10546875
6 0.3251953125 0.458984375 0.1005859375 0.1142578125
6 0.4189453125 0.470703125 0.080078125 0.0859375
6 0.5048828125 0.466796875 0.08984375 0.0927734375
6 0.5966796875 0.474609375 0.08203125 0.0947265625
6 0.681640625 0.4736328125 0.0791015625 0.1123046875
6 0.21484375 0.59765625 0.087890625 0.0966796875
6 0.5986328125 0.767578125 0.0888671875 0.1240234375
6 0.701171875 0.765625 0.0888671875 0.1318359375
6 0.7919921875 0.7734375 0.0771484375 0.1162109375
6 0.8876953125 0.775390625 0.0908203125 0.130859375