8 0.21723587424016538 0.9369875876715625 0.1924723079967011 0.12158797853284753
8 0.19888537635173645 0.7630779621965971 0.21030832884638362 0.2516027868534724
8 0.40133808960042927 0.9233212119122566 0.18051787727617336 0.14004703780340294
8 0.3826238788590189 0.7369115864372914 0.2039219365265156 0.24676981648875013
8 0.5874119819202973 0.9236809685617704 0.2021200926364372 0.1311811840799308
8 0.5612573442192829 0.7233724972471176 0.1990071159934022 0.2388482137152085
8 0.7800397511206272 0.9074708210509715 0.20221102084968265 0.1343061840799308
8 0.7537941852063673 0.7040373497363188 0.1904959340192331 0.2683175081681252
8 0.9285906305748786 0.8857016577726033 0.14281873885024296 0.14295383225631966
8 0.9200614135652619 0.678779510546145 0.15987717286947606 0.25723453780340294
17 0.5554282637235465 0.3349639606779857 0.27003032132453625 0.318573387727153