8 0.1418862718231919 0.8959969202090896 0.15215404349765968 0.20800615958182078
8 0.33077501688027605 0.8801842250568654 0.2829238824329643 0.2396315498862691
8 0.11277048030269861 0.7003130177944972 0.15476970752810454 0.19973469764227297
8 0.30787739186168556 0.6840844758168932 0.27779071345960366 0.23282572334543553
8 0.07581035528410808 0.5014789283649008 0.11965987847863165 0.21858285672980174
8 0.2727344348278726 0.4915640533834914 0.26978721247102044 0.22781988836446346
8 0.055751228782642805 0.29631392589344296 0.09634971247102042 0.2207528517868859
8 0.2409247248283101 0.28514029844057553 0.30071887749004844 0.2212807282883512
8 0.041253694182231695 0.13193309091247102 0.07830536661563355 0.16074118182494201
8 0.21976335475263548 0.11034854547482602 0.28350220258518866 0.18158155832640727
17 0.6787032505314726 0.424651056386422 0.3604705622807399 0.3095102401513493