6 0.4765625 0.1494140625 0.158203125 0.1337890625
6 0.6259765625 0.1923828125 0.1728515625 0.138671875
6 0.78125 0.2431640625 0.1708984375 0.146484375
6 0.40625 0.25390625 0.1728515625 0.1484375
6 0.5576171875 0.296875 0.181640625 0.1611328125
6 0.7255859375 0.353515625 0.1728515625 0.173828125
6 0.3251953125 0.3603515625 0.1787109375 0.1494140625
6 0.48046875 0.4140625 0.185546875 0.1513671875
6 0.6552734375 0.466796875 0.1982421875 0.162109375
6 0.2431640625 0.474609375 0.19921875 0.15625
6 0.41015625 0.533203125 0.1826171875 0.16796875
6 0.576171875 0.591796875 0.1982421875 0.1728515625
6 0.1572265625 0.595703125 0.193359375 0.1826171875
6 0.3212890625 0.666015625 0.2041015625 0.1796875
6 0.5 0.7255859375 0.2177734375 0.1796875
6 0.087890625 0.74609375 0.17578125 0.1796875
6 0.2265625 0.8125 0.22265625 0.189453125
6 0.4091796875 0.873046875 0.2431640625 0.1962890625