8 0.2629587799522489 0.3671875 0.199077395460829 0.1078125
8 0.44481641516145887 0.39453125 0.20316469473518967 0.090625
8 0.2850917294967619 0.2703125 0.205327395460829 0.1078125
8 0.47389876915247575 0.3 0.2051091406515056 0.1015625
8 0.30367309310642554 0.16328125 0.2181002139724834 0.115625
8 0.4994841009109739 0.19375 0.21631945916315995 0.109375
8 0.42575147894860776 0.06796875 0.45162204210278445 0.1359375
12 0.28940714103002374 0.75078125 0.29528276206571763 0.178125
12 0.1294766465571374 0.6859375 0.2589532931142748 0.184375
12 0.3912548724257022 0.653125 0.30369546279135695 0.1953125
12 0.19144833458408708 0.58046875 0.3156151094333124 0.2234375
12 0.0765550323993196 0.5046875 0.1531100647986392 0.203125
12 0.030322383943265658 0.63671875 0.060644767886531316 0.1828125
3 0.5595733080903992 0.77734375 0.2301835517214313 0.1484375
3 0.6660762792344587 0.81484375 0.19402779691210803 0.1421875
3 0.7707984955691947 0.85859375 0.19764387023308566 0.15625
3 0.8776239036438955 0.775 0.18961311542376222 0.15
3 0.7714483147138212 0.728125 0.2189732332097769 0.140625
3 0.6603496128070555 0.665625 0.23132938947037934 0.18125