3 0.8882525501272669 0.9585859424459111 0.14676700668363551 0.08282811510817786
3 0.7209105087921306 0.9391222122336149 0.2845760893539081 0.12175557553277017
3 0.48410085212440335 0.9253319499091429 0.26757040268936266 0.14933610018171423
3 0.8987344221037226 0.8106972348463938 0.19073627737108936 0.28795145861557003
3 0.7088179467695407 0.7944979454981288 0.3361760467059073 0.3065044640426372
3 0.4647679547660409 0.7559422992978876 0.3344680960375438 0.2939225768875072
8 0.5194896280633152 0.4933471240376884 0.4612487720400891 0.31930543645301734
8 0.8180511133434086 0.39048323213286024 0.3638977733131828 0.41759909430036196
8 0.4461237587125888 0.3614553149017198 0.5037089920432708 0.3449538896415206
8 0.37100448535963515 0.21307536861062143 0.5369760253819068 0.38573601989924533
8 0.7726926126670909 0.2186181982116623 0.4546147746658182 0.3675791621427578
8 0.5249187313414996 0.08762939054603175 0.26858746268299927 0.13431520352718757
8 0.32055849534531766 0.10502717322403425 0.30049199069063526 0.19220294662978263
8 0.16925053401495388 0.11895911917644834 0.26037606802990776 0.23382388059640907