8 0.9058159024473091 0.5244881446787109 0.18836819510538164 0.3554700444862428
8 0.8063380891660727 0.2913493339180267 0.28682922596954086 0.37488588935304656
8 0.6604586288403731 0.1019949456279254 0.2896672576807463 0.2039898912558508
8 0.824614007186636 0.7126977519028042 0.2854487364928847 0.3779472223568522
8 0.6606446995200072 0.4789660335374658 0.3257853101562905 0.401413897261712
8 0.4892577340032229 0.20432342612199825 0.36584886803468086 0.4086468522439965
8 0.6526619544287432 0.8528319564651593 0.31741282608248034 0.25766389726171185
8 0.491589404584035 0.6957264050960152 0.3851294890531333 0.45683090912471014
8 0.2909321680205633 0.4102385271488562 0.408748999576477 0.46091091406762585
8 0.27693391233536846 0.8556120355518132 0.40011891026922985 0.28597458106382023
8 0.16350293096298146 0.6425310568063515 0.27913709428657024 0.483687886387297