3 0.12438147744982317 0.9681596647726524 0.1941227047222643 0.06368067045469523
3 0.11267129692805569 0.8370381241875735 0.19693058391617196 0.28153419236879246
3 0.09094524609117512 0.5937148181812191 0.17650899960721653 0.26242963636243816
3 0.33753091724316875 0.9470307329538714 0.2709488251355733 0.10593853409225709
3 0.3084741554375079 0.7904609533258411 0.270604433252242 0.32344104869945856
3 0.2851583335233885 0.5424228737805363 0.25966693325224205 0.323250133926806
8 0.562538444959707 0.5535139269442217 0.2651180234149299 0.45458195454365724
8 0.7446343692349585 0.8298274163942102 0.37545555971567507 0.34034516721157965
8 0.6760373426967707 0.4586298952875965 0.28877369203284076 0.4924910576279123
8 0.8051294241770556 0.35854984902047476 0.3264645895735129 0.5259581225627203
8 0.8741834303253757 0.7690047390396562 0.2516331393492486 0.4619905219206878
8 0.9580266443192181 0.49014254260708323 0.08394671136156369 0.2640000446422686
8 0.9093987676593933 0.2885021761301475 0.17823512607064984 0.29058190990138844
8 0.8647715480082102 0.13695726703953798 0.24516809601642037 0.24800467207625304