8 0.13374599296617748 0.6771966489837856 0.2217895326698765 0.3731432979675713
8 0.1550215636871231 0.3969468593294846 0.29170392638357023 0.40014371865896925
8 0.2096019400324213 0.14497283386094856 0.3033220148871962 0.24756428793844135
8 0.30123320760570466 0.8166168501582846 0.30006008188408817 0.36676629968343094
8 0.37265432754086203 0.5468345137235465 0.3491910947043698 0.4283429264973858
8 0.43304374813797325 0.21857077289474658 0.3848374962759465 0.4231386009497074
8 0.5290543006574445 0.8969157670887589 0.3350428957806084 0.20616846582248236
8 0.6302228866798713 0.7166087707831755 0.4112587551672863 0.4878830625490476
8 0.717390977045524 0.36025713387358377 0.4348418043814982 0.4916900241483878
8 0.8533455936709125 0.8332804790838104 0.2933088126581751 0.33343904183237927
8 0.8955758273359742 0.5602440766683056 0.20884834532805172 0.5158309031404207