8 0.5047929381430255 0.9328532533075145 0.1790067648307229 0.13429349338497118
8 0.3410167844540335 0.8887758254739474 0.1946590359079618 0.16527405128112632
8 0.17104517291951918 0.822249643299409 0.19315107806243947 0.1745762766740203
8 0.5851394891762979 0.8360661641824612 0.19472266842151917 0.17621155128112634
8 0.4182474258463854 0.7774980312221343 0.20417948165323577 0.19071069892376152
8 0.2350354709277293 0.7033220148871961 0.19488629488495218 0.20433655128112632
8 0.6772229709277293 0.7239172286981539 0.2009817587805987 0.17806514970954979
8 0.5064882901113743 0.6542296592200625 0.2103658491396782 0.18006429735218496
8 0.31465985929501916 0.583559632546042 0.22292948165323567 0.19158399420903188
8 0.771695654474559 0.6040649551245053 0.22289312021691715 0.18533399420903188
8 0.5884973350945224 0.527545188789567 0.20577834308955403 0.19703347353086736
8 0.40686151571448564 0.45109819706173465 0.22300220452587247 0.2040839942090317
8 0.8685575398167866 0.47650934346151547 0.21837833703942983 0.2148031703877141
8 0.6885614884889268 0.386853876340789 0.2292976563212708 0.21218759263745515
8 0.49364896428842997 0.3090070504525568 0.24494083703943 0.21604033870851377
8 0.9242086178792261 0.3134314547102205 0.14961924668035032 0.21003858767505648
8 0.7973012051150479 0.2325003242310931 0.25124537919390766 0.22570643713693722
8 0.5977148164531704 0.1520914245215434 0.2731567406302261 0.23297528163641917