8 0.2734375 0.609375 0.18671875 0.1015625
8 0.45078125 0.58671875 0.1921875 0.08515625
8 0.28984375 0.70390625 0.19375 0.1015625
8 0.475 0.67890625 0.19375 0.0953125
8 0.303125 0.8078125 0.20703125 0.1078125
8 0.49375 0.78203125 0.2046875 0.10390625
8 0.415625 0.90859375 0.43125 0.1390625
12 0.31796875 0.23828125 0.27734375 0.16796875
12 0.13984375 0.29765625 0.2796875 0.1734375
12 0.41171875 0.33515625 0.28515625 0.18359375
12 0.21484375 0.40234375 0.29453125 0.21171875
12 0.08515625 0.47421875 0.16953125 0.19375
12 0.04375 0.34375 0.08671875 0.17578125
3 0.58125 0.2171875 0.2140625 0.140625
3 0.68671875 0.18203125 0.18046875 0.13515625
3 0.790625 0.1421875 0.18359375 0.14921875
3 0.9 0.22578125 0.19765625 0.14140625
3 0.784375 0.26875 0.2046875 0.134375
3 0.6734375 0.32734375 0.2140625 0.17265625