14 0.4758363485020478 0.9079712458236487 0.5325982137152085 0.18405750835270246
14 0.4489316224377424 0.7670685151457605 0.4975699034947224 0.24843756623421953
14 0.3616530940367356 0.5865327885594054 0.4583619331300001 0.2408234736759482
14 0.3815876535916316 0.4019221755827139 0.47802112290951404 0.2805407381039185
14 0.122959169026406 0.7868601376562807 0.245918338052812 0.34913693756361364
14 0.08268194737895819 0.48818453547936247 0.16536389475791638 0.28261907095872496
14 0.06199020051309023 0.25455357994439964 0.12398040102618046 0.2872321598887993
14 0.5434389158438193 0.1331325139646341 0.3131221683123613 0.2388740493591786
14 0.22514220431281234 0.16971233239147038 0.33256315254479185 0.2692163137871489
0 0.8053336249062844 0.43704872076554135 0.3752948599917364 0.2269940974524129
0 0.760787457162604 0.2681697459932848 0.415847124809375 0.22528775371301507