8 0.47734375 0.15 0.1578125 0.134375
8 0.6265625 0.1921875 0.17265625 0.1390625
8 0.78125 0.24296875 0.17109375 0.146875
8 0.40625 0.25390625 0.17265625 0.1484375
8 0.5578125 0.296875 0.18125 0.1609375
8 0.72578125 0.353125 0.17265625 0.17421875
8 0.32578125 0.3609375 0.17890625 0.14921875
8 0.48125 0.4140625 0.1859375 0.1515625
8 0.65546875 0.4671875 0.19765625 0.16171875
8 0.24296875 0.475 0.19921875 0.15625
8 0.41015625 0.53359375 0.1828125 0.1671875
8 0.5765625 0.59140625 0.19765625 0.1734375
8 0.15703125 0.5953125 0.19375 0.18203125
8 0.321875 0.66640625 0.2046875 0.1796875
8 0.5 0.72578125 0.21796875 0.1796875
8 0.08828125 0.746875 0.1765625 0.18046875
8 0.2265625 0.8125 0.2234375 0.1890625
8 0.40859375 0.8734375 0.24296875 0.19609375