8 0.3452926195152954 0.28520151988879766 0.14152284500534212 0.20703302434972928
8 0.3931695804077358 0.45691683279501094 0.12595240870767305 0.20832278896022594
8 0.25349449991518197 0.3203771351479173 0.14330359981466553 0.21331029788867967
8 0.30425092414713356 0.49906915097623 0.1369990361123347 0.21163870373287813
8 0.15084072586856484 0.3533999151796895 0.15160717313564326 0.2275091655834313
8 0.20377720899352386 0.5367385206995765 0.14681054573098154 0.22430234496658025
8 0.09000246270653897 0.48428745089350445 0.18000492541307794 0.4564250982129911
12 0.7225371657944311 0.2590973470017657 0.2263194856568477 0.31001374837514695
12 0.637658712706539 0.1250509983784422 0.230932574586922 0.2501019967568844
12 0.6398114566312711 0.3698496607187579 0.24383436787083285 0.31968875730360063
12 0.5446601916551467 0.18802869075053 0.27406750489414156 0.3358319545436571
12 0.4546478052648103 0.08759763717651227 0.22820438947037935 0.17519527435302454
12 0.5775967211440595 0.0332726014626973 0.1916815577118811 0.0665452029253946
3 0.7807216549098398 0.5157370848269011 0.18641868275429002 0.24060918344033871
3 0.8304091416629961 0.6132472845025896 0.17428078130301117 0.20604326866768635
3 0.884838692118483 0.709113163561427 0.1869990361123346 0.2125114569792892
3 0.8180827233366761 0.8320791051194405 0.1826389183263199 0.22180463636243813
3 0.757703273244009 0.7277285702164045 0.17822423683797411 0.2295353157455871
3 0.6838788820443491 0.6282973603944464 0.21783237386128268 0.24584215421934558