15 0.275 0.2421875 0.38984375 0.1140625
15 0.32734375 0.35234375 0.41171875 0.09453125
18 0.5421875 0.2296875 0.11015625 0.2234375
18 0.49296875 0.471875 0.2625 0.11484375
0 0.9078125 0.50859375 0.184375 0.18046875
6 0.7859375 0.4640625 0.13125 0.2359375
15 0.134375 0.55859375 0.26875 0.15703125
15 0.09296875 0.78984375 0.18515625 0.31953125
15 0.35234375 0.6421875 0.27109375 0.2578125
18 0.64140625 0.7921875 0.26875 0.2484375
15 0.54765625 0.69609375 0.26953125 0.30234375
15 0.66875 0.24375 0.21640625 0.1953125
18 0.68828125 0.3578125 0.24765625 0.1640625