14 0.44287506696340306 0.11865058928708297 0.39494212743398444 0.1669407653863198
14 0.44941321347211083 0.2693409203091316 0.37753643912238155 0.15404072188333365
14 0.4181922613607904 0.4060603235195136 0.3717228157455871 0.17889525151861144
14 0.45739290340527133 0.5473931851267704 0.36245690990138846 0.18492704597152815
14 0.1478194857932452 0.3193467992025693 0.2892024163942102 0.2831814015948614
14 0.13066676217156933 0.5456190116835069 0.24589670129724622 0.2181369766329862
14 0.14561742653718462 0.7305025047496526 0.2505023806803952 0.21355857940652817
14 0.3743697179330424 0.7611303364372913 0.24702282467404083 0.19317334422416685
14 0.6280305060824893 0.7411581028704509 0.26911601298564347 0.20618249050069473
0 0.8129922926103784 0.4570519405420132 0.3715864480508351 0.17108275151861144
0 0.7888980478853843 0.5990764395920827 0.36972393912238155 0.15385888392743077