6 0.384765625 0.1103515625 0.3173828125 0.193359375
6 0.6328125 0.1962890625 0.3310546875 0.216796875
6 0.880859375 0.2939453125 0.23828125 0.2431640625
6 0.22265625 0.259765625 0.3359375 0.21484375
6 0.4775390625 0.373046875 0.3505859375 0.2529296875
6 0.7783203125 0.484375 0.36328125 0.2880859375
6 0.109375 0.4521484375 0.21875 0.271484375
6 0.298828125 0.578125 0.396484375 0.302734375
6 0.609375 0.7177734375 0.396484375 0.3251953125
6 0.146484375 0.8251953125 0.2919921875 0.349609375
6 0.4072265625 0.8955078125 0.443359375 0.2080078125