1 0.1875 0.119140625 0.2265625 0.1865234375
1 0.3662109375 0.103515625 0.234375 0.1865234375
1 0.5439453125 0.0908203125 0.23046875 0.181640625
1 0.21484375 0.296875 0.25 0.2001953125
1 0.41015625 0.279296875 0.255859375 0.1953125
1 0.583984375 0.26953125 0.2392578125 0.1953125
6 0.33203125 0.5986328125 0.3515625 0.212890625
6 0.5947265625 0.4716796875 0.3203125 0.1728515625
6 0.6640625 0.5634765625 0.3212890625 0.197265625
6 0.724609375 0.65625 0.3583984375 0.2041015625
6 0.4189453125 0.740234375 0.361328125 0.248046875
6 0.8837890625 0.7607421875 0.2314453125 0.2314453125
6 0.7744140625 0.8125 0.224609375 0.228515625
6 0.6591796875 0.8720703125 0.2568359375 0.23046875
6 0.41796875 0.9228515625 0.21875 0.1533203125