1 0.06640625 0.0986328125 0.1328125 0.197265625
1 0.232421875 0.0947265625 0.25 0.189453125
1 0.458984375 0.087890625 0.234375 0.17578125
1 0.08203125 0.310546875 0.1630859375 0.2470703125
1 0.26953125 0.2900390625 0.2861328125 0.236328125
1 0.5009765625 0.2822265625 0.2861328125 0.2255859375
6 0.482421875 0.5400390625 0.4072265625 0.224609375
6 0.1826171875 0.6943359375 0.365234375 0.3310546875
6 0.56640625 0.6513671875 0.443359375 0.2431640625
6 0.6552734375 0.7763671875 0.4716796875 0.2763671875
6 0.23828125 0.857421875 0.4765625 0.28515625
6 0.52734375 0.9404296875 0.2421875 0.119140625
6 0.7177734375 0.8994140625 0.2607421875 0.1943359375
6 0.8759765625 0.8681640625 0.248046875 0.263671875