12 0.34765625 0.20234375 0.2234375 0.140625
12 0.484375 0.1421875 0.2 0.14921875
12 0.41484375 0.2875 0.278125 0.15234375
12 0.5609375 0.2125 0.240625 0.13515625
12 0.6125 0.06875 0.24375 0.13046875
12 0.69765625 0.1453125 0.23671875 0.14609375
12 0.7375 0.04375 0.2359375 0.08125
12 0.825 0.078125 0.259375 0.125
8 0.40078125 0.45234375 0.1265625 0.11796875
8 0.52109375 0.4734375 0.140625 0.12578125
8 0.65234375 0.49609375 0.13828125 0.12265625
8 0.47578125 0.65078125 0.40703125 0.32265625
8 0.40703125 0.8015625 0.3953125 0.28671875
8 0.32265625 0.90078125 0.5109375 0.1984375