14 0.6142700422132272 0.7791302283454161 0.39494212743398427 0.1669407653863196
14 0.6122280754914102 0.6276768311189578 0.3775364391223818 0.15404072188333373
14 0.6481673498411394 0.4925199279085758 0.3717228157455871 0.17889525151861144
14 0.6131628786550956 0.3504240000969092 0.36245690990138846 0.18492704597152806
14 0.880892300734644 0.5815960392314923 0.22190582223840885 0.27536759517409737
14 0.9051321903434928 0.3561232605461451 0.17706488068039547 0.2118493026210418
14 0.8958777414785833 0.1704767012755895 0.17542056006354406 0.20712543502986125
14 0.7051533299523418 0.13586923119520775 0.24702282467404083 0.19317334422416685
14 0.45020673133231365 0.1566408985576385 0.2706785129856435 0.2062188580918752
0 0.2554810178602028 0.4407470608860762 0.3715864480508354 0.17108275151861144
0 0.28451177313520853 0.2987225618360067 0.36972393912238166 0.15385888392743086