12 0.4087003154439495 0.8101984192791388 0.2520544906906352 0.17947151336727102
12 0.5584099614496765 0.8506496019255488 0.2270908533577261 0.18230561203054413
12 0.46383216343090455 0.7134501412715029 0.3085226666931806 0.19887604137490697
12 0.6254241914385406 0.7678274639163221 0.2676249466899989 0.17496582670272573
12 0.6996713081237671 0.9037007819064587 0.2691147213558171 0.16873400803627092
12 0.7752065627784495 0.814528646562732 0.264627216024817 0.18586696403563466
12 0.8317934647914942 0.9099769592218688 0.2544340560152719 0.11544537603436211
12 0.8866311273869976 0.8623928872135964 0.22673774522600496 0.16680788136536223
8 0.423605510741542 0.5467080839433662 0.14849313868554467 0.14077154535327185
8 0.5442538180696787 0.5070177805935943 0.16424540802036275 0.15189085868872637
8 0.6742316720639516 0.46331213924254966 0.1610658640197265 0.1471669960216353
8 0.4703425087125888 0.33285412193668473 0.4670271520528157 0.39444417472945165
8 0.37648232602640785 0.190176820615866 0.44938511871417963 0.3551816800604518
8 0.27719030334977196 0.12108465933322728 0.551255606699544 0.24216931866645455