14 0.10179370985876564 0.43580059265595505 0.18589979420950492 0.5377738146880899
14 0.2814402662812008 0.43292848929822886 0.20120388964152056 0.5020363093570899
14 0.47738353007601064 0.3681103692711847 0.19734854929788756 0.4582681280235444
14 0.6682851690401627 0.4159195185789586 0.23879242084918495 0.4743658426957259
14 0.2910963907731744 0.09773751865850037 0.34156778154634876 0.19547503731700075
14 0.6059025192218769 0.080094390634956 0.2774300384437538 0.160188781269912
14 0.8550803256443121 0.07554670128502496 0.28623182835784533 0.1510934025700499
14 0.912897226932936 0.6278088018778238 0.17420554613412803 0.2945147106938169
14 0.9013411719808389 0.287211073878142 0.1973176560383223 0.31644425469445325
0 0.5922471279944173 0.829555851925549 0.1921963025772479 0.33016130935709
0 0.7716513449777305 0.8071434079010501 0.1833878686106214 0.37065904002227157