3 0.8994663916407392 0.12032030755408889 0.1994308043815014 0.24064061510817777
3 0.7477908433450224 0.10321357332726326 0.28827511606989875 0.20642714665452652
3 0.5561624508935045 0.08355837121261325 0.2814250982129911 0.1671167424252265
3 0.8587072037361736 0.30623795963568234 0.27489445454365724 0.27666647783744713
3 0.6681873437520596 0.2654878861390769 0.31700013392680615 0.27418993102595035
3 0.48062884253424354 0.23394903833221203 0.2997580868489054 0.2701641723195231
8 0.6915746562545311 0.6248695301916116 0.4254399253226637 0.31577764472990316
8 0.43073043385067117 0.45433345940853975 0.382379672076253 0.26356669154139994
8 0.33700197889997696 0.5474460515611951 0.38912059577735914 0.29201924016191894
8 0.25415647687138204 0.6431104336279422 0.4315262840889619 0.3067301933504222
8 0.5696160612879508 0.7701963975590378 0.4417467637964224 0.3556590162812007
8 0.10493336729100991 0.7379769555633524 0.20986673458201982 0.3021710888732951
8 0.16930241559002185 0.8091282592722543 0.2878581047058129 0.30388407507848497
8 0.28861943141833446 0.8598541983272632 0.3151103514594021 0.2553580438708206
8 0.5428063250876685 0.9199031484635489 0.25489778003177205 0.11482821913101979