3 0.1875 0.11875 0.2265625 0.1859375
3 0.36640625 0.10390625 0.234375 0.1859375
3 0.54453125 0.09140625 0.23125 0.18203125
3 0.215625 0.296875 0.25 0.20078125
3 0.41015625 0.2796875 0.25625 0.1953125
3 0.58359375 0.26953125 0.23984375 0.1953125
8 0.33203125 0.5984375 0.35078125 0.21328125
8 0.5953125 0.47109375 0.3203125 0.17265625
8 0.6640625 0.56328125 0.32109375 0.19765625
8 0.72421875 0.65625 0.35859375 0.20390625
8 0.41953125 0.73984375 0.3609375 0.24765625
8 0.88359375 0.7609375 0.2328125 0.23125
8 0.77421875 0.8125 0.22421875 0.22890625
8 0.65859375 0.87265625 0.25703125 0.23046875
8 0.4171875 0.92265625 0.21875 0.1546875