12 0.20612169321119111 0.29909271049385405 0.17649990924813697 0.26494320357377177
12 0.12559333499632647 0.44037694368794006 0.18260446350286305 0.24019787155854946
12 0.29158194935951115 0.3846256452845456 0.1956135236113216 0.32820720752810456
12 0.19459734416970864 0.5338351250185905 0.1719214935570923 0.28350220258518866
12 0.05812507562655256 0.5711693458553869 0.11625015125310512 0.2829636917107738
12 0.10782353113438381 0.674083440227899 0.18283172247985346 0.27926037155854927
12 0.024122259467969764 0.7033942554372075 0.04824451893593953 0.2661635108744148
12 0.051225114952359894 0.8021646778706092 0.10245022990471979 0.2980793557412184
8 0.4736086541799714 0.3928241003411922 0.14148858411256365 0.15416752965749528
8 0.483768928478664 0.526863519314553 0.15095448770335979 0.17017453163466154
8 0.49542352508425963 0.6726853552841081 0.14782039734428026 0.16848469764227278
8 0.6831740308397961 0.5029498113293378 0.39496005951928337 0.4925429160447923
8 0.838225145202981 0.44675284395258263 0.32142256556940757 0.4723630672236558
8 0.9184126149523599 0.3640623607584966 0.16270207142313992 0.5783690336118279