3 0.841307742556402 0.10967696721836892 0.25008569892376153 0.2059249253659985
3 0.661040199752331 0.09450633396325168 0.25746155128112636 0.18901266792650337
3 0.48040878391273073 0.08304721530872841 0.25168243217453856 0.16609443061745682
3 0.7954386627392284 0.2898008192234596 0.2757406703877141 0.22027832670272557
3 0.5990923556671337 0.2639757579169584 0.28184512117350236 0.21722605203690737
3 0.4234395382559569 0.24649899860759367 0.2645848465663967 0.21546355736790748
8 0.6462369135677978 0.5929360045751405 0.38130146567298445 0.24024647605027027
8 0.3912134274215367 0.4522313779440026 0.34488877667402046 0.19609648671227067
8 0.3120288875129499 0.542947831954184 0.34768844499482 0.22267716804581603
8 0.24058407299725726 0.635135879296638 0.3871148180303493 0.2309442013844521
8 0.5428849735353765 0.7331257472549582 0.39391278163641913 0.27631124538508856
8 0.09901742700725194 0.7354006033179552 0.19803485401450388 0.2510737933640895
8 0.17471286228667152 0.7920676793045922 0.2520506133156196 0.24811242536599848
8 0.2856096668775667 0.8587091919557748 0.2865711625298313 0.25163741470399825
8 0.525849369111097 0.914475744589458 0.23860023531769164 0.16050333736472594