3 0.06640625 0.0984375 0.1328125 0.196875
3 0.23359375 0.0953125 0.25 0.18984375
3 0.459375 0.0875 0.234375 0.175
3 0.08125 0.309375 0.1625 0.246875
3 0.26953125 0.290625 0.2859375 0.23671875
3 0.5015625 0.2828125 0.2859375 0.22578125
8 0.48203125 0.53984375 0.40703125 0.22421875
8 0.1828125 0.69453125 0.36484375 0.33125
8 0.56640625 0.65078125 0.44375 0.24375
8 0.6546875 0.7765625 0.47109375 0.2765625
8 0.23828125 0.85703125 0.4765625 0.2859375
8 0.5265625 0.940625 0.24140625 0.11875
8 0.7171875 0.89921875 0.2609375 0.19453125
8 0.87578125 0.86875 0.24765625 0.2625