8 0.572754757443598 0.12613107407699647 0.19528688296032684 0.1693692600254534
8 0.7237222520669147 0.198942960097041 0.21291103060296201 0.17894425469445324
8 0.8790690316364191 0.28195654945094917 0.21327490363849116 0.18675675469445324
8 0.48418887117350246 0.2195805347310425 0.21491017824559702 0.1883374360279987
8 0.6383905277074777 0.29477253341817794 0.22650264970954978 0.2025272053628168
8 0.8058199303125116 0.3857349827736769 0.22083484656639668 0.214954480028635
8 0.38635714681406563 0.31526465738381587 0.22272267824559702 0.18842834269572598
8 0.541031838294229 0.40061290607095124 0.2307535020669146 0.19320674936345322
8 0.7169458289886042 0.48933160276095017 0.2454709735308672 0.20743288136536223
8 0.2841290208830522 0.41714423603595285 0.24361737510244383 0.2011647000318167
8 0.4501050853987449 0.5104322540579064 0.22999152274507892 0.2103760680299077
8 0.6168623999144375 0.6037293627466327 0.24754289578060842 0.21838856269890758
8 0.17832213068401515 0.5260096113542263 0.24329204342324345 0.22770901869827115
8 0.34012011744944887 0.6301805853755436 0.2557920434232434 0.22785446936663475
8 0.5187781184829061 0.7275203040658605 0.27000009263745517 0.23114310136854374
8 0.1115435072342011 0.6681238386775904 0.17112594499482 0.22062267735518085
8 0.22215998366055256 0.7631101693586807 0.2766867402800903 0.24059082670272575
8 0.40405214660466865 0.8628300007160886 0.2989983879227255 0.2502203653723619