15 0.16937818749522232 0.6830640957806544 0.20847598379146146 0.4438160040571898
15 0.2990880742986904 0.6402163023562017 0.19256255745486736 0.46539099512873605
18 0.21304967668952995 0.3888504456184987 0.268384520905513 0.15921490746575645
18 0.46402137151256273 0.47500258523064287 0.18162651550266684 0.3044262215897858
0 0.5853844921780794 0.07234873823217247 0.22298101564384112 0.14469747646434494
6 0.51852394489362 0.15562529383478507 0.28693709983059074 0.18295241639421017
15 0.48326784029546743 0.8547485864484589 0.22364741553090184 0.2755023806803951
15 0.717446148244445 0.9076342585280072 0.3670040314288567 0.1640581404196279
15 0.6168370164203001 0.6518400004103324 0.3412591207361039 0.33843084902377
18 0.8322925003529358 0.3561887609636392 0.3113896102127601 0.3347876517837135
15 0.7178212056993123 0.445597908690163 0.388589147044463 0.3470615551922803
15 0.25607788182414487 0.253080540992116 0.26078339448421434 0.2699069456152034
18 0.3828223923474886 0.2477463843371385 0.2327339891943076 0.29751374837514694