15 0.24382552249903516 0.2834587104245926 0.13346834718878373 0.4048246981001206
15 0.3578031059642723 0.3401358355939347 0.11535484468150123 0.42571705223856365
18 0.24314252705138167 0.5548833310713789 0.2315348079967011 0.1291430246489437
18 0.4868865153728992 0.5138333644267499 0.12813232633910127 0.27505531094499086
0 0.5435794138944664 0.9181269595200814 0.19291022868809904 0.1637460809598373
6 0.4923996956312086 0.8105445901164904 0.24618834138279588 0.15019250904511167
15 0.5577025029029938 0.15949774649349704 0.17165500580598766 0.2695356512886239
15 0.7915857579175588 0.1280717633405247 0.33317151583511767 0.1906338025772479
15 0.6537293714036785 0.3767062579134578 0.2753255750854599 0.2936902035271876
18 0.8191942131821859 0.6747796670039978 0.2658596468722145 0.2900738805964089
15 0.7172930808914477 0.5773923326532586 0.3190301109788372 0.2944205438708206
15 0.26405808379444157 0.6839090897778062 0.20801840314042072 0.23243844301173802
18 0.3802059210206024 0.7079374892574078 0.177723149379497 0.2636131999091429