16 0.5220592228141923 0.8523360175705212 0.729371674511885 0.17784842989895894
16 0.5555399245184756 0.8148184869853129 0.6962864391223818 0.16145971048416713
16 0.5397609659143334 0.7784991272779171 0.6569239301939278 0.14336302070465337
16 0.20132753165992048 0.6002403086049655 0.18203657304918774 0.40719817021222243
16 0.13773263596199153 0.616736171162153 0.16342294074393943 0.41457425911805573
16 0.08802630824011551 0.638228658244375 0.17605261648023102 0.41177656743868063
16 0.609658228899977 0.5800447499030907 0.6879478336024946 0.22061650493708385
16 0.6479491615295367 0.5356050720914242 0.6894285129856434 0.2159653725282645
16 0.6417224809285719 0.4893476679311116 0.6848228336024945 0.22054376975472287
16 0.5341708538983292 0.33756500275288237 0.7078239569792892 0.19608928362243122
16 0.5200771262194637 0.2942507606366671 0.6719410040571898 0.19837782902527837
16 0.4816282808458462 0.25818532085715323 0.6673353246740408 0.20295622625173665