16 0.8702206863083678 0.5908971751407159 0.16076656533975325 0.7402697431755744
16 0.8359206149682494 0.6243796091772812 0.14361329859052993 0.7067294971045159
16 0.7969480062007438 0.6077528813031876 0.12616893341288354 0.6669392510334573
16 0.5930929902800903 0.2646085411469319 0.41352746071058577 0.17517139784752295
16 0.6041353440851972 0.20041976261088462 0.41890416542531544 0.1567124962759463
16 0.622009894747151 0.14902208250326074 0.4164341368892682 0.17062944706173466
16 0.6037117365560366 0.6640872137085138 0.20396860173368303 0.6718255725829725
16 0.5625430810555188 0.6823545434232434 0.19306533498446007 0.6352909131535132
16 0.5148504437519658 0.6803725124059967 0.20095060959156594 0.6392549751880064
16 0.35210854114693185 0.5971683682780184 0.17693522084027097 0.7191952638537389
16 0.30699509429008504 0.5825942919755014 0.18143863026973045 0.6819863622821624
16 0.26852975371954446 0.5433840887085137 0.18583503184130698 0.67595468610348