16 0.50234375 0.178125 0.7015625 0.059375
16 0.53828125 0.21015625 0.67265625 0.0484375
16 0.52734375 0.24765625 0.6359375 0.03671875
16 0.22421875 0.45546875 0.11796875 0.3796875
16 0.1609375 0.44765625 0.0984375 0.3875
16 0.109375 0.4328125 0.1125 0.38203125
16 0.61875 0.4296875 0.653125 0.10859375
16 0.66640625 0.4671875 0.66640625 0.1015625
16 0.6609375 0.51328125 0.64921875 0.1078125
16 0.57421875 0.671875 0.678125 0.0796875
16 0.56640625 0.715625 0.640625 0.08828125
16 0.5328125 0.75390625 0.634375 0.09375