8 0.07907578305375026 0.30644631817505796 0.15080531268902803 0.308982363649884
8 0.2512222335668405 0.24391053159748055 0.25538370991548637 0.30856055239490826
8 0.1677590361878823 0.4209133833843664 0.2266040932742363 0.27928954646340926
8 0.12043336056041717 0.6050456442587814 0.21940984232430577 0.3055337114824372
8 0.3101673545764935 0.5589970207230656 0.2796940321038198 0.3470155573378241
8 0.38319250617135486 0.840666173384804 0.273915504368403 0.299949556349241
8 0.17819653485670212 0.8693508833843666 0.22453244699770852 0.2573508794672151
8 0.2790518264598272 0.9356205291260226 0.21969686379145842 0.11666221247102052
8 0.48050903685347235 0.1837383996588078 0.2716269589655559 0.33575972235685214
8 0.7209333618915974 0.14919093920213478 0.28874172378319474 0.29838187840426955
8 0.6327826645126391 0.3089082015222434 0.26355988582729195 0.3245038873758802
8 0.5561877161837504 0.5122188853243518 0.28274629692145864 0.34401789133021304
8 0.7971932694703823 0.45156925091422107 0.3163225163362503 0.37816739825029516
8 0.6184026543477437 0.7998024569594508 0.2941202080156252 0.36321356030357366
8 0.85952634925816 0.7512071535759595 0.2809473014836801 0.34953306228073994
8 0.7686403501111814 0.8710978423209838 0.24266289152687506 0.1644285504177418
8 0.8994941197753821 0.12922199600848625 0.14273823955076423 0.2584439920169725
8 0.9524736494106598 0.4011660498119071 0.09505270117868037 0.32445085475263546
8 0.9867246288934378 0.7124245433861166 0.026550742213124322 0.2969678419010542