8 0.23119490865690953 0.07457492803149855 0.2907351826861809 0.1471135467059073
8 0.21238872262891081 0.2806340240292714 0.2805976613621805 0.2157362773710892
8 0.3739449353119101 0.16218511071767946 0.2553249413589988 0.19200787603436206
8 0.5498358206556369 0.08765892007476929 0.2815783586887264 0.16575445870463462
8 0.5436932666295472 0.2798009667409057 0.3167715186982713 0.2364669480426344
8 0.8529228159611837 0.2959008707829037 0.2901544746976349 0.23147036537236182
8 0.8560403673217734 0.09512871144967647 0.28773745202099904 0.1580146840388164
8 0.9387795946451373 0.16953891279435776 0.12109539202736244 0.2029442813494538
8 0.19940527526259416 0.5234845953612259 0.3073237933640895 0.2301078600413618
8 0.18549512722791395 0.7788260760264079 0.32621924403245306 0.24282603604390723
8 0.35729849657864043 0.6526828413828614 0.29785788669636226 0.22218627204008906
8 0.5477336872613214 0.5369140327418602 0.3137010626989076 0.2411180853755436
8 0.5354042205601867 0.7907111947405875 0.3436976453691802 0.2680260307129071
8 0.8406660745942306 0.5434480327816311 0.30906810669954404 0.24575104137490716
8 0.842262747891505 0.8091275767822674 0.2857942387014528 0.2595408213717256
8 0.9429723672422314 0.6821570914624031 0.09798515603118041 0.230796561346272
8 0.1951230238701878 0.9586499360279988 0.32747156667727223 0.08192489871099795
8 0.5223395045353697 0.969351078691908 0.32420111600890866 0.061297842616184185
8 0.8379372325350516 0.9736856847151341 0.2710215720082722 0.05262863056973188