8 0.08828125 0.21796875 0.16484375 0.2734375
8 0.3046875 0.2078125 0.196875 0.2609375
8 0.184375 0.359375 0.17421875 0.23671875
8 0.0890625 0.52578125 0.178125 0.26484375
8 0.28984375 0.52734375 0.21328125 0.29453125
8 0.29140625 0.83515625 0.21015625 0.2859375
8 0.08359375 0.8234375 0.1671875 0.2765625
8 0.16640625 0.92421875 0.18984375 0.1515625
8 0.5390625 0.20703125 0.20703125 0.28671875
8 0.7859375 0.20546875 0.22109375 0.30390625
8 0.65703125 0.36484375 0.20234375 0.27578125
8 0.53671875 0.54296875 0.21796875 0.29140625
8 0.78203125 0.54296875 0.2453125 0.31875
8 0.53046875 0.8375 0.22265625 0.3125
8 0.7859375 0.853125 0.2375 0.29375
8 0.659375 0.94296875 0.21875 0.11328125
8 0.9640625 0.2234375 0.071875 0.31328125
8 0.96640625 0.53828125 0.0671875 0.309375
8 0.9625 0.85625 0.075 0.28671875