6 0.0888671875 0.2177734375 0.1650390625 0.2734375
6 0.3046875 0.2080078125 0.1962890625 0.2607421875
6 0.1845703125 0.359375 0.173828125 0.236328125
6 0.0888671875 0.525390625 0.177734375 0.2646484375
6 0.2900390625 0.52734375 0.212890625 0.294921875
6 0.2919921875 0.8349609375 0.2099609375 0.28515625
6 0.083984375 0.8232421875 0.16796875 0.2763671875
6 0.166015625 0.923828125 0.189453125 0.1513671875
6 0.5390625 0.20703125 0.20703125 0.2861328125
6 0.7861328125 0.205078125 0.220703125 0.3037109375
6 0.6572265625 0.365234375 0.203125 0.2763671875
6 0.537109375 0.54296875 0.21875 0.291015625
6 0.7822265625 0.54296875 0.2451171875 0.3193359375
6 0.5302734375 0.837890625 0.22265625 0.3125
6 0.7861328125 0.8525390625 0.2373046875 0.2939453125
6 0.6591796875 0.943359375 0.21875 0.11328125
6 0.9638671875 0.2236328125 0.072265625 0.3134765625
6 0.966796875 0.5380859375 0.06640625 0.3095703125
6 0.962890625 0.8564453125 0.07421875 0.287109375