8 0.6000969274347225 0.767527361332229 0.20641582137172562 0.28990578130301115
8 0.43103948679181237 0.9273040883819202 0.22056813335454456 0.14539182323615946
8 0.25892703477081336 0.775917692372937 0.21282945337363451 0.30418653611233476
8 0.43931396876985884 0.7751885499921508 0.20596128803308938 0.25084328130301115
8 0.4437634694064057 0.5535590866526396 0.24536923337045274 0.28189487386128265
8 0.1337077640833598 0.6184821598887993 0.2563976400381801 0.29008931977759855
8 0.13318795404995226 0.3724702554422956 0.22812718936981652 0.27660717313564315
8 0.32322260805217945 0.39550599527549457 0.2632658053787251 0.3434325745869221
8 0.1571777953532718 0.15230408838192017 0.2581055907065436 0.3026438834799295
8 0.7164839014162689 0.6357094208582086 0.23911923337045274 0.28167661905195923
8 0.5693709020528157 0.4087872783926044 0.2143555907065437 0.3011160998146655
8 0.7350049927195885 0.4153522808396751 0.19326129336408931 0.23321927168436432
8 0.8949229696849083 0.43271837403091873 0.21015406063018355 0.2729910998146655
8 0.765962449355499 0.18996290043978853 0.22516582137172564 0.29056054573098156
8 0.46027607069540777 0.22770591478294072 0.26626353604390707 0.3326042019915838
8 0.9507272533418177 0.2855184810171603 0.09854549331636449 0.2581795769491748
8 0.45767668734086336 0.07142863293177533 0.2028533746817267 0.1179762176006804