8 0.7419163518701528 0.3648588614337681 0.2713851623713948 0.18752037070336192
8 0.9370465238077135 0.49526561879372144 0.12590695238457314 0.20774086935072641
8 0.8328741917382532 0.6916764474458585 0.28391243344863354 0.19235332137172562
8 0.7889055022394953 0.5193014607733588 0.2307692527304745 0.18861015603118042
8 0.5727219660369458 0.5550645960773146 0.25912151170746506 0.2279999200349984
8 0.711903682466675 0.8457270534293138 0.26547150565734084 0.2452601453691802
8 0.4731002577004443 0.8874765593968608 0.25431583703942984 0.20763287603436212
8 0.44935316461089003 0.6997129300604518 0.31856923458010195 0.24119081070972523
8 0.23645877575262095 0.8957488520050907 0.3137181081166688 0.20850229598981862
8 0.5851709273003136 0.2778844780792237 0.2590851502711466 0.22174992003499838
8 0.4018776800307882 0.4616765807208612 0.28080561416679295 0.19544195870463454
8 0.3665663730455876 0.3003390913828613 0.21821471057599684 0.1790897053628168
8 0.3445454064194665 0.14071864337999787 0.2526715238077134 0.1935521947008166
8 0.1400856862773041 0.3117652980187719 0.2699226563212707 0.20468968936981646
8 0.25269126716841395 0.5997749227004985 0.30765900565734067 0.24575104137490716
8 0.18329883421075954 0.08572096602481703 0.24613063231716562 0.14347946936663483
8 0.07789125506816556 0.6321136133434087 0.14644879488495222 0.19700336401972648