8 0.39375 0.27578125 0.1609375 0.25078125
8 0.53125 0.07734375 0.19140625 0.14609375
8 0.71328125 0.21171875 0.1640625 0.26171875
8 0.54453125 0.2421875 0.165625 0.2109375
8 0.5671875 0.45234375 0.2 0.2359375
8 0.85390625 0.3390625 0.21640625 0.2390625
8 0.88125 0.571875 0.1828125 0.23203125
8 0.69921875 0.58125 0.209375 0.2921875
8 0.89375 0.8015625 0.2125 0.28828125
8 0.30078125 0.4203125 0.19375 0.234375
8 0.4671875 0.609375 0.1671875 0.25859375
8 0.3109375 0.63125 0.15703125 0.19765625
8 0.15546875 0.64140625 0.16875 0.23203125
8 0.30859375 0.85 0.178125 0.24609375
8 0.59140625 0.76328125 0.21328125 0.28125
8 0.07734375 0.79296875 0.1546875 0.2296875
8 0.6140625 0.934375 0.17890625 0.13046875